x1 x2 x3 x4 label
36 87 70 88 1
88 12 58 65 1
39 87 46 88 1
81 37 25 77 1
72 9 20 80 1
69 79 47 64 1
82 99 88 49 1
29 19 19 14 1
39 32 65 9 1
57 32 31 74 1
23 35 75 55 0
28 34 0 0 1
36 53 5 38 1
17 79 4 42 1
58 31 1 65 1
41 57 35 11 1
46 82 91 0 1
14 99 53 12 1
42 84 75 68 1
6 68 47 3 1
76 52 78 15 1
20 99 58 23 1
79 13 85 48 1
49 69 41 35 1
64 95 69 94 1
0 50 36 34 0
48 93 3 98 1
42 77 21 73 1
0 10 43 58 0
23 59 2 98 1
62 35 94 67 1
82 46 99 20 1
81 50 27 14 1
41 58 65 36 1
10 86 43 11 1
2 51 80 32 0
54 0 38 19 1
46 42 56 60 1
77 30 24 2 1
3 94 98 13 0
40 72 19 95 1
72 26 66 52 1
67 61 14 96 1
4 67 11 86 1
77 75 56 16 1
24 29 21 25 1
80 60 61 83 1
33 32 70 85 0
31 13 71 56 0
24 79 41 18 1
40 54 79 11 1
38 93 1 95 1
44 88 24 67 1
82 3 76 35 1
86 61 69 87 1
43 32 11 84 1
10 54 37 28 1
2 27 83 89 0
23 53 51 46 1
20 53 29 67 1
35 39 9 73 1
41 23 3 46 1
90 50 3 31 1
9 10 27 45 0
71 39 61 85 1
97 44 34 34 1
88 33 5 36 1
0 75 34 69 1
53 80 62 8 1
61 1 81 35 1
91 40 36 48 1
25 67 35 30 1
29 33 18 17 1
93 84 2 69 1
12 44 66 91 0
85 39 39 75 1
22 30 17 70 1
71 18 92 43 1
83 49 41 93 1
46 21 73 89 1
96 91 73 28 1
81 58 0 86 1
63 16 36 94 1
24 63 67 51 1
8 56 91 93 0
87 32 19 72 1
71 87 13 58 1
81 55 64 75 1
92 36 25 32 1
42 14 86 28 0
20 82 68 22 1
99 83 7 72 1
61 13 5 0 1
8 79 79 53 0
11 4 39 92 0
45 26 74 52 1
49 91 51 99 1
18 34 51 30 0
53 58 43 55 1
18 45 87 65 0
70 53 48 94 1
59 80 26 35 1
58 49 73 44 1
13 70 38 39 1
8 13 7 80 1
22 79 89 8 0
99 6 81 71 1
84 89 66 60 1
16 56 23 24 1
4 49 87 30 0
54 25 20 97 1
57 23 27 29 1
33 53 51 86 1
7 9 54 0 0
83 36 81 20 1
3 42 65 20 0
36 68 80 47 1
10 94 91 43 0
63 31 20 70 1
9 60 91 35 0
83 76 18 74 1
98 97 43 3 1
12 58 1 0 1
39 24 58 36 1
99 69 6 3 1
98 40 60 33 1
28 68 26 96 1
51 73 53 69 1
33 7 94 72 0
84 7 67 85 1
91 67 84 71 1
83 95 0 5 1
91 30 73 83 1
7 21 92 8 0
43 46 0 51 1
38 89 74 98 1
87 96 83 26 1
78 32 70 97 1
44 59 57 50 1
45 4 57 93 1
91 17 35 66 1
20 45 57 79 0
36 62 4 77 1
30 87 98 35 0
73 90 55 26 1
22 76 79 98 0
90 51 46 80 1
61 60 47 0 1
10 75 13 71 1
94 6 45 30 1
15 41 38 53 1
43 82 7 92 1
65 41 66 92 1
78 91 31 93 1
50 46 93 33 1
12 96 80 66 0
72 10 90 27 1
56 65 64 69 1
88 34 79 3 1
60 37 43 83 1
88 70 20 6 1
28 6 66 92 0
92 69 73 54 1
77 21 31 81 1
35 8 25 21 1
45 86 16 25 1
37 1 5 70 1
12 90 74 54 0
78 62 72 71 1
45 5 47 59 1
42 67 10 57 1
91 89 3 78 1
82 69 58 4 1
17 69 63 94 1
24 3 69 40 0
36 58 49 55 1
24 33 18 97 1
78 7 53 46 1
33 81 29 12 1
46 32 34 87 1
25 46 52 64 1
76 73 18 4 1
7 3 48 76 0
37 48 82 51 0
49 71 90 49 1
29 3 74 84 0
65 20 80 42 1
28 26 87 52 0
48 66 9 2 1
89 90 68 10 1
12 97 37 39 1
32 33 26 99 1
89 50 88 82 1
20 94 28 72 1
18 25 24 39 1
28 24 18 67 1
44 83 45 54 1
0 10 67 6 0
91 99 57 70 1
19 34 50 20 0
43 0 66 97 0
12 15 33 23 0
12 5 38 1 0
10 6 6 38 1
75 85 50 51 1
2 76 29 9 1
72 5 53 65 1
43 79 62 76 1
47 76 21 18 1
89 13 94 92 1
85 6 48 40 1
26 30 5 15 1
63 37 59 95 1
96 80 32 62 1
10 12 93 64 0
29 90 22 19 1
5 36 83 5 0
92 76 26 83 1
12 7 52 80 0
29 0 87 79 0
74 3 61 67 1
16 73 84 56 0
62 56 48 17 1
57 9 62 79 1
78 33 4 16 1
71 62 23 91 1
7 22 98 30 0
80 27 47 11 1
87 78 30 90 1
34 54 81 35 0
71 59 37 68 1
53 13 19 8 1
96 81 69 1 1
29 5 80 40 0
22 30 19 4 1
20 74 67 86 1
60 93 41 40 1
60 81 51 40 1
59 94 29 97 1
94 37 88 16 1
99 39 29 65 1
23 72 0 87 1
37 63 26 89 1
89 6 88 79 1
41 17 80 43 0
69 19 22 11 1
11 33 7 26 1
48 71 54 96 1
82 87 21 2 1
8 10 5 38 1
38 65 59 36 1
5 5 38 35 0
88 49 79 84 1
9 4 49 24 0
94 2 83 3 1
77 11 13 81 1
26 70 47 98 1
21 20 42 57 1
17 89 85 55 0
68 98 11 98 1
97 19 11 97 1
25 97 95 45 0
6 89 88 38 0
51 16 23 90 1
3 90 46 29 1
2 5 71 15 0
78 35 52 7 1
51 51 29 55 1
11 67 77 55 0
88 68 86 57 1
93 11 78 82 1
89 3 37 7 1
29 78 11 73 1
11 16 60 63 0
59 1 18 53 1
28 64 85 88 0
73 8 82 11 1
92 51 81 55 1
15 3 88 85 0
28 58 85 78 0
65 76 11 25 1
11 90 34 1 1
16 1 16 33 1
33 44 40 72 1
77 83 32 23 1
68 31 22 64 1
31 79 83 15 1
51 12 45 10 1
80 70 21 94 1
67 80 64 1 1
50 96 82 82 1
57 22 15 15 1
28 71 27 88 1
57 58 88 76 1
13 18 78 78 0
20 71 55 44 1
91 44 15 87 1
75 77 29 95 1
82 4 28 65 1
49 49 87 57 1
80 41 90 66 1
47 17 20 38 1
64 6 22 79 1
74 34 40 38 1
21 34 32 42 1
44 99 41 27 1
48 10 68 17 1
3 94 87 29 0
30 75 66 93 1
60 7 51 73 1
87 64 17 40 1
21 94 26 15 1
17 10 17 3 1
73 29 67 71 1
80 98 4 61 1
90 6 32 81 1
37 27 51 78 1
59 86 95 8 1
56 29 28 95 1
34 58 81 92 1
16 72 59 7 1
12 32 84 75 0
93 40 0 84 1
92 77 37 47 1
61 50 68 76 1
57 4 36 80 1
82 37 94 35 1
48 0 49 57 1
9 50 97 48 0
12 70 36 99 1
36 30 19 38 1
44 35 14 29 1
51 60 81 67 1
29 27 3 33 1
51 27 56 21 1
39 74 29 29 1
61 58 24 16 1
64 98 13 1 1
2 66 19 76 1
30 39 85 77 0
49 26 12 64 1
1 36 10 32 1
28 58 66 92 1
65 77 83 47 1
81 36 71 53 1
70 9 15 18 1
29 53 60 42 1
82 2 29 17 1
35 19 16 23 1
12 99 56 66 1
20 3 81 44 0
38 42 74 37 1
40 27 4 51 1
22 37 35 30 1
7 88 88 15 0
10 19 77 56 0
18 71 60 24 1
32 39 16 52 1
90 80 46 96 1
94 84 23 15 1
44 83 55 98 1
27 45 98 81 0
87 27 77 48 1
87 94 5 97 1
98 28 65 68 1
85 72 33 99 1
48 99 89 69 1
65 99 71 1 1
1 71 25 77 1
50 27 96 43 0
19 98 45 80 1
43 67 8 83 1
46 64 20 96 1
98 5 85 24 1
2 71 75 28 0
95 65 80 82 1
14 21 69 33 0
2 27 19 15 1
71 29 35 97 1
48 49 80 56 1
63 88 58 5 1
51 61 83 17 1
45 96 62 22 1
97 9 5 76 1
61 42 16 59 1
17 68 60 25 1
14 61 53 81 1
29 70 28 74 1
5 84 55 50 1
86 53 10 43 1
59 30 59 14 1
48 56 65 7 1
69 15 52 32 1
87 78 34 29 1
51 89 53 4 1
64 26 84 5 1
88 17 68 56 1
32 81 72 73 1
31 94 73 48 1
99 32 14 61 1
87 32 56 28 1
43 97 50 46 1
72 37 2 17 1
15 67 85 93 0
22 82 7 55 1
49 26 4 89 1
26 60 83 78 0
18 96 91 36 0
20 3 18 77 1
51 49 31 97 1
18 12 91 98 0
71 94 45 80 1
65 88 16 45 1
91 37 50 24 1
48 76 4 51 1
46 40 14 10 1
27 78 13 4 1
86 15 29 78 1
42 25 75 95 0
91 22 43 84 1
55 2 25 0 1
95 56 70 82 1
86 62 46 89 1
77 12 62 37 1
83 31 28 59 1
83 40 89 29 1
28 52 42 10 1
84 17 0 39 1
38 98 65 48 1
86 45 49 22 1
92 65 85 66 1
32 50 70 35 1
23 82 89 79 0
27 85 1 9 1
81 11 64 67 1
61 54 36 84 1
19 69 84 62 0
68 41 80 16 1
57 5 96 22 0
3 8 62 92 0
41 74 92 95 1
11 34 91 49 0
71 39 58 5 1
73 88 12 97 1
59 78 15 4 1
22 52 66 71 0
72 5 39 79 1
79 41 89 22 1
89 89 19 62 1
29 9 11 99 1
26 82 72 1 1
99 46 55 10 1
74 24 95 43 1
91 13 78 55 1
5 23 42 49 0
75 56 43 24 1
81 21 94 18 1
63 89 29 37 1
49 40 95 11 0
56 63 14 32 1
65 65 36 25 1
76 72 50 12 1
24 19 67 10 0
7 52 92 14 0
72 46 99 35 1
81 23 61 53 1
12 45 7 47 1
39 94 19 50 1
65 43 82 78 1
89 56 72 50 1
34 90 11 11 1
36 49 76 81 1
95 74 48 74 1
11 93 34 74 1
76 39 10 2 1
75 46 51 41 1
91 3 16 63 1
64 13 38 4 1
3 19 81 16 0
71 24 11 22 1
60 91 2 8 1
72 89 38 52 1
97 88 63 21 1
4 31 75 37 0
7 22 42 59 0
95 54 73 51 1
82 23 83 25 1
57 69 89 45 1
88 51 59 44 1
26 43 32 30 1
14 71 96 61 0
1 47 43 90 0
15 68 74 85 0
39 94 86 0 1
81 58 12 91 1
43 54 47 22 1
31 34 98 42 0
68 62 36 83 1
44 81 70 6 1
48 9 28 77 1
56 9 85 66 0
9 36 28 64 1
74 13 2 37 1
71 87 94 81 1
3 98 80 82 0
50 61 82 28 1
35 53 26 42 1
46 69 28 43 1
83 62 74 74 1
9 91 99 75 0
96 38 31 22 1
91 57 21 97 1
61 41 99 41 1
23 52 23 72 1
41 60 47 15 1
36 65 94 42 0
0 83 6 93 1
67 31 29 16 1
67 26 6 11 1
81 55 43 67 1
20 91 92 14 0
14 80 99 63 0
43 27 87 20 0
23 34 32 65 1
22 21 57 68 0
45 39 24 86 1
17 52 90 8 0
5 97 86 82 0
10 62 29 11 1
30 71 58 94 1
42 85 71 25 1
54 83 25 45 1
3 84 83 37 0
33 60 89 7 0
60 37 84 98 1
16 45 39 33 1
97 65 73 87 1
68 24 6 97 1
60 88 61 59 1
74 29 28 24 1
3 82 21 6 1
84 21 27 26 1
89 64 3 53 1
37 7 80 75 0
11 2 54 5 0
17 78 5 78 1
81 30 98 3 1
0 93 44 44 1
61 0 17 29 1
91 34 59 21 1
63 94 17 38 1
79 1 15 86 1
17 53 22 77 1
47 66 11 9 1
40 54 51 47 1
4 10 6 44 1
72 8 72 18 1
2 69 93 29 0
27 17 58 11 0
49 72 88 3 1
11 57 50 15 1
57 3 60 39 1
85 29 53 67 1
56 75 79 45 1
90 79 97 11 1
5 30 58 68 0
59 32 37 43 1
60 45 29 27 1
27 29 72 75 0
97 78 38 11 1
74 89 32 50 1
40 70 30 22 1
75 35 84 68 1
63 4 49 29 1
63 61 91 83 1
90 26 73 50 1
95 94 17 71 1
56 35 73 92 1
47 48 71 67 1
71 62 72 37 1
5 97 55 92 1
46 38 49 8 1
65 66 62 16 1
61 66 11 31 1
10 20 14 52 1
71 29 5 14 1
79 51 32 23 1
91 6 73 65 1
75 87 70 40 1
60 36 12 35 1
62 69 62 58 1
76 18 0 1 1
84 77 90 21 1
78 13 67 17 1
5 26 63 27 0
41 13 45 48 1
56 58 17 86 1
95 89 92 77 1
7 26 17 68 1
43 47 94 92 0
72 58 27 6 1
7 53 26 75 1
37 93 49 20 1
93 56 61 55 1
92 23 57 9 1
0 19 71 50 0
38 67 30 37 1
56 5 59 80 1
90 61 31 70 1
89 75 17 31 1
31 84 90 39 1
50 74 38 68 1
39 79 13 35 1
11 75 54 36 1
82 75 51 34 1
58 80 28 9 1
8 17 92 25 0
94 59 94 59 1
58 18 12 1 1
27 10 67 61 0
16 27 6 0 1
7 25 67 59 0
36 44 85 72 0
38 42 97 36 0
68 91 13 13 1
41 72 6 94 1
12 98 3 16 1
5 40 55 29 0
53 22 23 36 1
59 34 70 6 1
88 76 17 95 1
48 37 0 74 1
4 95 60 10 1
29 97 13 19 1
41 76 44 51 1
16 37 14 36 1
4 47 0 49 1
37 75 44 69 1
16 16 10 5 1
23 47 67 38 0
18 94 80 31 1
42 47 21 97 1
55 74 31 83 1
66 19 31 19 1
39 39 61 97 1
44 54 94 62 0
76 16 80 6 1
68 45 84 30 1
76 53 33 90 1
18 6 2 26 1
25 13 63 91 0
62 57 37 45 1
21 69 49 25 1
12 52 70 47 0
73 10 72 90 1
16 95 94 38 0
48 60 6 70 1
1 63 65 21 0
46 0 86 36 0
26 20 84 34 0
61 30 27 73 1
72 52 84 23 1
62 48 59 43 1
42 13 9 27 1
90 34 70 41 1
37 6 58 85 0
3 75 11 29 1
78 83 26 80 1
35 52 17 80 1
10 60 73 99 0
25 26 51 79 1
27 4 85 53 0
23 22 92 43 0
6 13 77 17 0
40 94 68 18 1
2 27 8 79 1
51 87 47 63 1
30 13 92 46 0
14 46 45 97 1
4 10 63 18 0
72 58 73 13 1
12 29 78 77 0
9 46 60 76 0
29 75 24 59 1
72 15 54 32 1
80 11 15 25 1
21 22 81 92 0
91 72 91 92 1
99 30 41 9 1
52 43 81 50 1
16 64 26 7 1
54 82 58 75 1
57 58 76 13 1
72 18 17 42 1
44 98 75 87 1
70 78 46 54 1
50 43 65 78 1
6 47 44 9 0
3 9 34 94 0
1 38 78 80 0
94 50 13 86 1
46 99 87 37 1
93 90 82 86 1
6 74 43 1 1
73 90 48 79 1
17 19 19 65 1
27 35 9 13 1
53 70 88 10 1
43 5 40 15 1
14 85 0 35 1
97 14 6 88 1
3 68 95 27 0
67 34 41 13 1
17 40 74 38 0
42 67 27 60 1
15 34 50 44 0
84 52 25 75 1
44 81 5 83 1
71 68 95 93 1
91 32 41 82 1
29 13 9 54 1
8 25 33 17 0
47 16 49 62 1
71 94 80 86 1
37 9 46 12 1
88 22 56 78 1
45 33 62 4 1
69 76 41 12 1
0 69 22 97 1
49 65 10 70 1
16 71 27 38 1
84 41 82 70 1
38 34 74 40 0
40 27 94 36 0
98 59 89 27 1
56 58 31 48 1
3 64 37 39 1
12 84 75 76 0
91 47 57 21 1
12 17 39 31 0
29 55 65 37 1
0 23 13 8 1
84 53 82 80 1
13 8 6 27 1
37 35 40 26 1
94 76 57 45 1
80 58 23 72 1
80 18 74 15 1
88 64 3 90 1
20 47 62 97 0
24 82 40 9 1
72 71 92 41 1
19 86 67 78 1
66 87 24 84 1
35 46 32 34 1
42 92 37 82 1
55 35 99 65 0
93 20 99 46 1
98 91 62 62 1
78 30 91 51 1
4 68 6 41 1
3 39 27 13 1
44 0 74 93 0
78 0 0 96 1
11 29 5 69 1
57 30 18 16 1
81 75 9 9 1
90 76 64 28 1
77 87 58 48 1
27 25 84 76 0
24 5 34 76 1
59 43 79 59 1
21 12 98 5 0
20 31 98 23 0
19 85 47 6 1
68 73 24 47 1
32 74 90 91 0
16 98 22 28 1
28 78 89 5 0
66 35 75 51 1
77 99 56 95 1
94 5 29 91 1
53 65 61 26 1
28 39 97 47 0
32 4 54 0 0
11 51 99 68 0
26 15 92 16 0
70 95 2 17 1
65 32 97 38 1
68 94 4 79 1
21 10 16 2 1
46 61 46 32 1
23 61 1 36 1
89 8 47 91 1
0 35 26 62 0
52 22 31 1 1
93 3 3 98 1
36 42 20 5 1
88 83 54 3 1
83 23 48 94 1
30 89 7 42 1
12 4 27 76 0
74 43 53 10 1
43 6 71 0 0
51 34 96 23 0
64 71 30 18 1
32 2 38 12 1
64 72 3 13 1
90 3 70 6 1
20 58 2 85 1
47 52 58 82 1
80 57 43 33 1
69 93 79 89 1
24 60 64 61 1
77 12 70 49 1
3 32 49 99 0
13 75 17 68 1
87 47 74 38 1
48 36 93 25 0
35 71 64 64 1
8 67 6 7 1
51 77 82 17 1
3 8 47 43 0
61 3 44 75 1
49 50 10 43 1
79 91 62 99 1
82 62 35 85 1
28 59 97 89 0
74 1 21 25 1
10 41 13 51 1
66 82 84 7 1
40 56 85 37 1
46 83 90 55 1
6 0 8 85 1
37 67 46 41 1
92 63 57 39 1
65 51 61 69 1
58 91 95 40 1
73 53 7 99 1
47 69 41 28 1
85 11 3 18 1
35 46 17 27 1
54 73 19 71 1
71 43 44 46 1
34 33 74 69 0
92 46 32 83 1
39 30 95 47 0
1 32 63 45 0
55 64 85 22 1
27 5 35 35 1
67 28 91 9 1
43 3 11 51 1
86 4 29 60 1
44 2 94 69 0
47 76 17 79 1
56 41 24 85 1
3 60 46 31 0
70 51 97 47 1
11 62 8 62 1
3 55 54 41 0
54 25 6 71 1
63 93 69 38 1
67 7 43 23 1
88 29 51 17 1
56 43 33 48 1
78 42 80 1 1
53 64 56 15 1
80 72 20 61 1
63 54 43 25 1
0 49 39 2 0
70 3 30 13 1
20 75 11 5 1
16 77 62 8 1
27 6 42 4 1
15 60 0 39 1
37 6 93 58 0
25 76 64 62 1
52 50 49 28 1
71 65 50 7 1
26 40 61 48 1
22 14 63 95 0
85 52 7 36 1
80 70 20 38 1
4 16 98 56 0
14 15 88 14 0
10 4 84 52 0
75 53 93 67 1
44 90 91 2 1
60 66 23 28 1
53 18 59 65 1
68 36 81 24 1
89 76 34 85 1
56 63 73 36 1
41 6 17 31 1
6 50 16 30 1
28 75 32 89 1
38 29 2 83 1
76 18 64 41 1
22 17 42 4 1
4 18 69 14 0
10 50 93 83 0
34 3 8 90 1
82 68 7 93 1
35 79 46 45 1
67 58 3 70 1
66 24 55 59 1
35 3 71 27 0
66 71 10 63 1
5 40 86 52 0
43 65 6 28 1
5 74 7 29 1
82 47 60 63 1
66 41 29 96 1
49 60 52 25 1
36 19 96 91 0
26 56 56 28 1
45 87 82 5 1
65 85 34 1 1
93 98 14 30 1
9 54 27 7 1
76 93 36 38 1
92 85 87 37 1
20 13 40 50 0
54 65 72 58 1
73 49 17 49 1
89 87 57 74 1
90 13 31 21 1
97 1 96 43 1
55 70 34 94 1
46 90 17 12 1
52 47 39 48 1
55 25 64 60 1
30 92 87 79 1
38 86 48 7 1
37 66 77 20 1
46 93 32 52 1
55 19 56 22 1
86 60 34 61 1
54 38 85 92 1
48 34 61 65 1
54 17 52 34 1
43 13 17 31 1
21 98 1 69 1
47 38 63 31 1
92 68 37 7 1
67 54 21 21 1
57 90 66 92 1
47 32 33 99 1
58 32 17 9 1
99 44 86 5 1
86 9 65 61 1
5 68 7 54 1
19 51 38 13 1
11 87 54 53 1
75 40 95 3 1
61 2 71 2 1
25 46 5 16 1
8 81 92 78 0
56 6 77 56 1
92 3 59 4 1
0 75 38 6 1
20 70 16 64 1
67 69 61 39 1
59 80 89 94 1
27 75 64 33 1
25 52 14 48 1
34 40 50 62 1
43 38 19 42 1
98 21 20 90 1
35 27 3 89 1
7 4 4 53 1
9 68 33 49 1
74 23 57 96 1
77 21 92 23 1
5 61 2 0 1
9 71 29 21 1
80 78 83 37 1
90 76 79 83 1
18 66 16 75 1
99 9 73 30 1
22 20 83 68 0
79 33 64 15 1
77 9 49 10 1
34 39 48 44 1
1 72 0 11 1
26 94 42 19 1
85 1 60 82 1
92 62 11 49 1
63 9 24 68 1
26 52 54 85 1
78 29 1 78 1
0 15 33 32 0
69 30 47 58 1
73 7 30 85 1
30 41 8 65 1
85 8 49 64 1
91 50 48 89 1
29 71 26 95 1
14 19 8 39 1
29 23 77 40 0
1 89 88 30 0
41 80 62 75 1
71 85 88 37 1
43 59 36 32 1
73 16 35 3 1
39 37 3 40 1
58 99 1 3 1
11 3 59 12 0
96 39 50 0 1
54 54 87 71 1
59 65 98 13 1
56 30 85 81 1
23 35 33 6 1
24 34 57 73 0
24 93 5 48 1
25 68 38 0 1
59 78 73 50 1
28 15 66 36 0
7 81 31 43 1
41 79 28 54 1
52 42 31 86 1
57 23 68 64 1
17 70 68 75 0
96 80 2 74 1
39 38 54 0 1
9 75 44 52 1
81 47 69 48 1
38 36 4 75 1
39 93 62 45 1
75 42 32 1 1
47 34 42 42 1
74 42 46 79 1
90 40 80 43 1
92 64 63 44 1
2 22 24 44 0
83 94 77 7 1
83 99 53 62 1
29 84 8 74 1
41 34 46 61 1
75 72 55 85 1
68 47 7 56 1
85 86 70 19 1
43 70 96 86 1
21 11 43 67 0
96 29 21 81 1
69 91 1 33 1
40 43 51 94 1
82 54 79 51 1
45 93 4 56 1
48 20 16 53 1
85 66 20 56 1
24 43 84 63 0
15 97 24 88 1
91 61 3 19 1
12 44 74 9 0
63 92 46 95 1
87 13 69 45 1
7 41 16 50 1
39 35 28 81 1
37 1 81 30 0
34 3 33 43 1
89 1 98 56 1
49 40 82 41 1
54 85 47 92 1
65 41 38 12 1
79 28 25 53 1
86 63 91 77 1
33 78 8 68 1
46 85 45 92 1
22 14 0 50 1
54 50 9 33 1
40 40 7 26 1
29 50 57 17 1
10 43 62 97 0
65 19 93 6 1
5 68 66 40 0
80 71 40 24 1
87 52 22 41 1
6 78 51 39 1
24 31 20 18 1
35 96 84 88 1
96 91 44 82 1
22 98 31 50 1
18 78 7 11 1
63 74 57 58 1
38 41 86 64 0
34 81 42 52 1
70 3 40 91 1
76 39 85 25 1
0 34 65 43 0
37 89 87 42 1
68 52 71 93 1
1 23 87 88 0
89 69 22 80 1
95 64 67 97 1
31 70 52 64 1
8 24 70 75 0
68 62 71 25 1
51 42 5 37 1
4 62 42 12 1
16 57 69 13 0
11 86 39 0 1
24 27 30 88 1
92 24 94 52 1
32 62 61 99 1
86 47 8 3 1
52 78 60 59 1
81 59 83 88 1
88 99 65 76 1
84 7 86 44 1
79 32 33 77 1
1 3 39 62 0
62 27 58 98 1
47 25 80 73 1
25 64 15 80 1
7 23 40 38 0
37 68 98 86 0
60 49 30 97 1
91 71 77 89 1
37 31 49 47 1
53 8 18 84 1
25 39 93 2 0
50 81 97 3 1
26 53 88 63 0
94 57 65 82 1
71 43 69 58 1
40 19 34 85 1
88 94 65 0 1
88 47 4 64 1
36 60 50 55 1
84 68 5 61 1
78 22 79 83 1
76 61 39 32 1
57 30 84 20 1
58 69 74 88 1
75 21 70 65 1
52 13 79 43 1
85 67 93 9 1
54 88 55 55 1
56 49 20 37 1
53 61 83 40 1
67 37 3 84 1
38 94 33 89 1
41 22 66 57 1
27 58 28 60 1
99 47 33 25 1
74 72 81 89 1
7 51 29 39 1
41 20 33 10 1
76 47 2 96 1
88 53 69 19 1
0 17 87 84 0
58 36 12 44 1
79 37 24 45 1
52 84 60 7 1
23 20 69 7 0
36 9 69 25 0
33 84 64 33 1
83 73 2 16 1
87 61 58 25 1
42 80 17 40 1
60 81 41 38 1
76 70 24 33 1
78 69 9 37 1
11 25 16 83 1
61 23 50 9 1
42 41 26 42 1
62 11 71 91 1
32 30 86 29 0
32 66 22 47 1
40 24 14 2 1
67 33 42 36 1
0 24 50 38 0
55 12 15 26 1
23 56 93 16 0
82 45 33 3 1
58 71 57 20 1
88 66 60 10 1
51 98 88 0 1
70 13 25 91 1
47 69 23 51 1
54 24 77 21 1
13 66 41 1 1
58 52 0 57 1
14 7 48 73 0
49 4 16 16 1
63 16 67 54 1
2 32 57 70 0
85 28 22 27 1
49 4 4 95 1
66 89 94 75 1
74 66 75 76 1
84 9 35 51 1
6 31 27 10 1
48 72 89 79 1
26 69 82 64 0
36 32 37 82 1
77 83 66 40 1
0 38 64 9 0
62 49 3 5 1
81 18 45 75 1
64 38 41 17 1
44 18 63 6 1
79 54 60 39 1
0 37 36 7 0
45 11 4 70 1
38 40 62 70 1
80 34 80 96 1
28 32 49 8 1
21 50 24 16 1
85 10 32 8 1
59 70 90 91 1
45 89 20 84 1
77 34 4 48 1
78 24 65 43 1
77 97 76 16 1
57 5 97 95 0
8 33 54 64 0
32 95 2 27 1
80 87 66 71 1
45 20 64 7 1
89 24 65 99 1
62 94 34 92 1
98 21 87 17 1
69 3 89 21 1
59 6 61 83 1
22 23 85 76 0
22 60 10 78 1
57 41 69 39 1
74 61 90 26 1
83 46 16 1 1
83 78 9 63 1
63 60 35 99 1
8 90 56 45 1
77 61 89 44 1
52 14 13 58 1
6 72 51 14 1
28 29 95 94 0
8 66 56 79 0
56 56 92 98 1
37 42 88 5 0
14 56 98 11 0
16 31 76 58 0
59 64 61 98 1
64 57 16 4 1
3 5 94 50 0
42 84 48 45 1
15 92 91 55 0
59 55 33 11 1
91 34 88 13 1
7 24 65 99 0
82 40 55 65 1
27 15 15 41 1
77 6 96 92 1
56 52 6 78 1
31 6 33 58 1
46 26 51 32 1
60 46 95 7 1
49 39 65 5 1
27 38 45 23 1
12 9 29 29 0
13 87 24 9 1
68 37 56 75 1
86 60 24 52 1
53 98 46 33 1
13 97 71 12 1
73 46 29 12 1
55 48 35 34 1
58 60 1 17 1
43 55 9 55 1
16 67 41 86 1
47 84 88 97 1
58 84 85 36 1
12 26 2 22 1
46 83 18 34 1
95 67 0 27 1
48 86 3 96 1
11 88 28 40 1
73 2 78 59 1
10 4 73 90 0
8 37 98 91 0
58 58 49 19 1
35 36 74 49 0
18 4 88 79 0
49 94 13 51 1
16 55 75 61 0
98 17 70 24 1
93 93 66 75 1
46 40 81 39 1
9 26 20 57 1
68 66 52 39 1
83 63 7 31 1
96 68 27 24 1
55 8 44 53 1
90 38 27 98 1
43 76 8 40 1
32 64 81 76 1
16 75 79 92 0
51 64 92 36 1
60 18 81 25 1
40 25 4 10 1
97 86 97 82 1
35 84 5 58 1
99 47 77 30 1
11 8 26 95 0
90 50 19 55 1
31 70 51 37 1
11 79 44 53 1
4 99 17 25 1
54 76 0 96 1
70 99 41 83 1
99 93 87 25 1
84 44 72 38 1
86 50 15 4 1
75 26 75 26 1
76 28 0 69 1
57 13 22 88 1
61 90 62 5 1
82 44 92 67 1
23 9 51 5 0
90 33 1 63 1
96 84 61 91 1
76 31 91 58 1
3 84 10 51 1
73 69 13 60 1
81 58 45 25 1
3 64 78 14 0
87 70 15 5 1
54 0 71 61 1
81 32 58 29 1
31 79 75 31 1
18 86 71 99 1
62 19 69 49 1
64 1 50 53 1
60 58 78 57 1
18 41 6 43 1
32 75 87 24 1
50 8 83 2 0
28 38 46 43 1
97 13 45 33 1
10 87 77 30 0
64 71 67 0 1
95 8 67 11 1
23 20 1 70 1
68 42 99 22 1
30 38 75 52 0
98 67 64 6 1
33 29 85 14 0
52 86 91 67 1
94 46 87 24 1
13 32 32 25 1
73 17 23 35 1
35 34 84 69 0
20 6 8 0 1
61 89 71 73 1
6 93 69 36 0
29 19 47 22 1
67 7 56 93 1
84 72 18 22 1
22 85 46 39 1
56 34 60 98 1
80 13 28 59 1
13 33 26 77 1
57 74 87 85 1
91 55 85 95 1
82 91 90 23 1
71 13 20 94 1
35 74 35 69 1
37 22 33 18 1
0 31 30 45 0
2 21 18 80 0
99 12 72 90 1
60 99 9 31 1
49 63 47 0 1
45 54 84 92 1
38 36 30 33 1
99 26 46 18 1
88 88 78 92 1
41 19 2 42 1
49 29 65 21 1
81 89 78 86 1
79 82 11 54 1
24 69 6 61 1
41 60 47 12 1
12 45 37 82 1
73 72 53 40 1
8 0 32 12 0
20 15 23 62 1
54 81 87 9 1
98 96 70 91 1
35 83 38 65 1
33 97 33 3 1
86 50 33 3 1
77 34 79 43 1
97 30 41 28 1
9 11 25 57 0
73 62 96 21 1
75 35 56 44 1
66 96 92 74 1
99 29 61 41 1
87 37 63 29 1
97 35 80 84 1
33 3 95 72 0
88 62 25 89 1
37 74 96 67 1
63 85 77 96 1
5 21 40 13 0
27 34 0 55 1
44 48 51 59 1
17 96 96 11 0
42 70 82 33 1
51 52 69 81 1
54 10 76 41 1
81 31 3 98 1
42 94 6 64 1
4 4 63 64 0
99 86 94 29 1
22 87 49 26 1
56 11 2 85 1
12 80 2 91 1
76 35 0 61 1
77 18 35 10 1
19 27 9 38 1
12 69 86 62 0
12 66 59 0 0
24 93 92 96 0
4 72 18 45 1
92 71 72 16 1
86 79 20 48 1
85 87 97 66 1
48 90 11 24 1
15 25 5 22 1
54 51 34 29 1
12 44 58 20 0
63 46 97 75 1
46 94 11 70 1
95 34 41 21 1
74 91 81 57 1
6 11 61 93 0
77 19 7 57 1
16 70 40 79 1
62 66 10 41 1
42 40 29 74 1
74 31 81 99 1
36 61 81 85 1
27 25 47 54 1
72 97 73 11 1
48 92 16 66 1
72 33 48 14 1
40 65 46 95 1
22 64 76 40 0
64 92 31 60 1
28 57 83 96 0
43 68 81 93 1
26 89 82 51 1
84 47 57 41 1
71 98 28 32 1
12 88 71 73 0
60 39 45 33 1
94 99 60 34 1
66 29 39 63 1
22 99 53 64 1
26 68 43 47 1
9 70 29 5 1
1 86 26 93 1
5 16 26 44 0
26 78 88 8 0
19 93 59 75 1
46 21 66 61 1
57 26 53 68 1
22 82 38 65 1
4 19 91 7 0
93 98 88 57 1
76 69 44 13 1
38 79 0 51 1
68 45 22 30 1
32 95 45 3 1
60 35 19 98 1
17 3 60 72 0
65 15 8 52 1
22 10 44 12 0
3 22 12 25 1
53 90 40 41 1
0 55 59 52 0
27 40 85 21 0
70 76 7 3 1
74 27 57 88 1
49 46 73 36 1
8 9 99 1 0
38 20 45 89 1
44 89 69 64 1
58 70 70 17 1
11 17 37 94 0
57 73 12 17 1
36 32 3 76 1
37 71 61 5 1
17 18 18 81 1
33 10 49 9 1
26 4 89 71 0
97 17 17 72 1
58 87 55 34 1
91 68 2 25 1
70 10 19 45 1
79 84 53 79 1
54 35 47 71 1
60 36 28 44 1
46 9 87 35 0
92 18 78 20 1
36 72 13 21 1
59 61 96 32 1
30 73 91 61 0
28 56 23 92 1
56 66 20 86 1
96 7 56 21 1
84 19 89 47 1
37 88 83 55 1
42 13 44 91 1
86 91 3 57 1
33 29 85 66 0
38 24 81 77 0
73 25 37 14 1
29 7 58 27 0
28 86 68 67 1
24 26 9 59 1
55 71 84 11 1
70 92 2 39 1
57 27 31 35 1
12 64 23 5 1
55 64 35 10 1
29 63 81 48 0
82 59 47 61 1
10 19 77 57 0
67 36 3 35 1
71 74 84 92 1
72 8 81 81 1
69 95 93 59 1
80 57 86 99 1
50 99 80 27 1
96 47 66 11 1
82 88 24 0 1
60 72 87 1 1
93 47 50 81 1
83 89 69 85 1
34 97 38 91 1
49 4 83 51 0
33 85 4 51 1
89 71 56 36 1
51 95 61 61 1
66 57 25 12 1
61 5 35 94 1
52 9 49 81 1
56 29 75 61 1
34 43 33 28 1
22 89 91 17 0
33 97 89 84 1
7 64 12 71 1
44 87 38 2 1
59 73 30 62 1
50 26 12 18 1
29 58 38 70 1
66 49 77 51 1
80 31 8 31 1
25 18 83 92 0
65 57 90 30 1
21 75 35 98 1
54 64 63 88 1
46 96 40 58 1
68 29 51 54 1
56 82 52 66 1
33 89 27 86 1
42 6 53 93 1
32 23 37 10 1
9 65 64 3 0
25 61 76 67 0
98 91 49 1 1
8 97 95 29 0
48 60 77 78 1
28 80 99 88 0
45 6 18 56 1
33 8 78 18 0
59 39 24 12 1
9 97 49 97 1
50 88 15 39 1
70 61 17 8 1
65 7 20 40 1
72 0 41 2 1
32 86 10 94 1
8 21 57 45 0
67 69 27 90 1
12 64 3 61 1
43 96 40 20 1
14 24 67 32 0
73 70 67 58 1
28 3 79 96 0
38 92 69 1 1
17 62 47 8 1
73 52 13 41 1
24 63 68 71 1
69 20 67 65 1
73 90 65 40 1
46 21 76 70 1
32 42 84 76 0
86 20 33 32 1
9 59 3 63 1
62 8 28 13 1
87 71 12 2 1
77 23 59 73 1
79 11 9 62 1
65 90 11 95 1
48 58 75 1 1
72 25 30 33 1
87 20 49 8 1
64 34 30 84 1
37 22 61 42 1
48 86 20 43 1
7 65 45 30 1
12 69 56 21 1
69 16 43 23 1
40 37 48 39 1
38 43 48 0 1
9 15 52 53 0
4 28 35 20 0
6 41 31 89 1
80 68 13 33 1
17 65 89 47 0
86 42 22 81 1
67 19 46 29 1
68 84 30 44 1
79 33 4 83 1
37 52 64 17 1
17 39 18 5 1
98 3 58 0 1
35 25 84 93 0
65 14 44 4 1
70 17 93 61 1
56 1 16 66 1
78 49 24 69 1
21 8 72 33 0
69 96 0 43 1
6 14 37 92 0
80 53 29 82 1
93 3 74 41 1
39 96 32 28 1
14 95 98 62 0
61 99 67 13 1
18 81 61 34 1
98 83 68 75 1
21 3 34 83 0
90 72 78 35 1
76 81 87 81 1
96 49 11 66 1
22 68 41 42 1
15 59 60 81 0
77 95 99 3 1
45 25 51 28 1
82 95 23 10 1
13 77 13 83 1
65 3 12 8 1
10 6 52 31 0
43 95 21 13 1
71 45 28 82 1
29 61 26 50 1
15 46 65 51 0
25 18 39 48 1
45 22 27 75 1
44 38 0 9 1
22 69 23 70 1
86 87 65 55 1
55 26 31 19 1
61 25 71 11 1
57 55 17 54 1
0 11 36 99 0
77 8 63 10 1
89 9 84 4 1
59 39 80 82 1
78 87 52 99 1
48 30 3 10 1
32 21 41 97 1
18 97 51 76 1
63 52 66 89 1
94 51 92 41 1
17 14 59 60 0
13 97 22 61 1
88 30 10 3 1
31 32 13 49 1
39 0 24 84 1
43 90 91 87 1
90 73 97 90 1
41 31 40 95 1
8 49 36 81 1
94 1 58 29 1
80 84 8 36 1
93 59 15 13 1
25 80 50 11 1
46 2 33 92 1
90 41 1 26 1
72 83 27 99 1
22 89 88 84 0
36 24 30 12 1
52 56 92 68 1
65 69 44 85 1
24 8 30 32 1
85 67 57 84 1
81 17 75 18 1
35 58 85 43 0
63 98 97 73 1
27 87 63 51 1
59 36 48 97 1
11 72 93 33 0
47 14 94 31 0
87 63 43 21 1
2 26 9 1 1
56 67 81 1 1
30 34 97 47 0
48 10 6 5 1
42 70 38 5 1
60 30 59 8 1
63 81 86 3 1
15 94 6 93 1
22 10 28 7 1
91 83 2 71 1
76 51 19 94 1
30 27 15 47 1
23 58 94 83 0
8 13 38 38 0
2 42 51 68 0
38 69 59 63 1
53 62 33 88 1
92 85 44 14 1
68 81 79 25 1
63 36 12 38 1
59 93 30 98 1
83 83 31 75 1
7 69 77 62 0
98 46 32 32 1
28 12 93 74 0
55 73 49 19 1
86 23 30 60 1
52 13 31 58 1
16 18 1 15 1
32 78 73 6 1
67 70 79 93 1
85 51 74 58 1
77 91 26 26 1
68 59 29 48 1
92 61 60 15 1
91 40 32 45 1
14 68 89 96 0
12 44 59 42 0
63 52 13 52 1
50 50 69 87 1
94 92 54 85 1
83 88 47 87 1
45 62 10 94 1
96 85 54 94 1
6 25 5 55 1
95 47 27 89 1
33 91 16 16 1
79 94 34 59 1
69 72 16 51 1
92 5 0 83 1
23 30 38 40 1
98 81 15 74 1
18 27 51 42 0
78 47 81 41 1
3 25 88 95 0
87 79 21 60 1
29 22 24 67 1
9 38 64 79 0
14 69 81 58 0
67 83 82 49 1
1 7 8 31 1
14 78 20 18 1
35 44 31 65 1
90 24 38 41 1
95 56 75 59 1
35 75 47 49 1
29 50 10 42 1
26 75 57 71 1
96 91 7 55 1
84 17 74 92 1
70 56 28 16 1
61 68 69 88 1
44 54 32 76 1
55 65 12 25 1
64 69 76 30 1
40 17 28 28 1
11 93 65 0 1
50 27 56 79 1
52 16 90 77 0
25 23 60 71 0
19 65 62 40 1
68 15 21 19 1
28 97 10 24 1
25 53 7 20 1
99 87 62 62 1
78 15 4 94 1
96 85 1 50 1
23 64 14 91 1
77 37 52 98 1
76 2 97 78 1
17 44 71 27 0
23 99 65 71 1
57 75 57 10 1
8 14 93 95 0
26 51 41 80 1
41 45 95 26 0
69 77 9 21 1
2 32 68 40 0
6 65 53 52 0
62 63 76 58 1
45 86 76 16 1
67 86 24 5 1
84 10 60 89 1
26 25 94 25 0
69 27 64 33 1
2 73 78 61 0
39 23 52 69 1
34 95 2 78 1
27 27 64 85 0
17 72 8 45 1
13 20 21 87 1
1 38 56 75 0
24 93 31 21 1
92 76 92 65 1
95 54 10 92 1
48 21 75 4 1
78 53 99 55 1
42 95 43 72 1
22 39 40 34 1
35 52 95 59 0
36 49 18 53 1
13 54 63 57 0
47 11 85 64 0
41 17 17 33 1
40 99 35 34 1
91 99 32 24 1
9 91 45 26 1
13 36 42 24 0
48 51 92 99 1
31 32 44 90 1
8 17 22 29 1
0 6 79 21 0
82 67 23 58 1
11 54 64 24 0
68 41 34 66 1
8 35 4 67 1
36 66 12 63 1
89 24 33 47 1
48 44 99 56 0
99 9 47 4 1
75 26 9 89 1
73 28 89 68 1
30 47 33 93 1
93 84 53 80 1
95 38 65 65 1
30 41 37 42 1
1 62 5 14 1
9 85 67 30 0
23 81 10 47 1
55 48 6 70 1
21 35 27 16 1
38 36 7 14 1
37 68 31 72 1
35 71 87 58 1
56 67 81 53 1
27 36 81 33 0
40 40 83 31 0
86 3 0 32 1
5 7 69 15 0
88 75 64 33 1
34 32 62 46 1
56 66 56 31 1
80 70 10 22 1
54 14 35 52 1
67 48 51 58 1
86 45 45 80 1
97 20 39 98 1
42 61 54 96 1
97 48 49 95 1
85 0 22 63 1
81 64 37 45 1
47 8 48 41 1
33 85 96 80 1
17 26 5 43 1
22 68 56 73 1
85 43 21 63 1
56 25 15 33 1
88 69 62 70 1
55 13 91 12 0
2 84 62 0 0
19 35 86 19 0
1 30 99 60 0
76 63 25 49 1
17 80 15 25 1
79 57 40 27 1
10 8 88 20 0
79 94 51 89 1
56 9 95 35 0
73 9 16 13 1
97 40 97 53 1
45 19 12 9 1
41 16 35 69 1
33 35 69 90 0
93 49 32 46 1
76 35 45 4 1
5 41 89 89 0
54 53 3 44 1
27 89 44 49 1
41 82 74 59 1
90 84 96 12 1
81 93 73 69 1
66 65 56 99 1
19 20 37 11 1
18 34 54 25 0
82 43 45 48 1
9 27 23 1 1
54 19 6 28 1
92 93 95 80 1
49 43 31 65 1
24 34 42 75 1
91 95 40 0 1
67 66 66 45 1
81 12 87 6 1
86 60 51 56 1
78 45 64 20 1
36 96 18 50 1
35 25 94 95 0
59 15 88 22 1
66 23 33 72 1
47 59 56 79 1
19 78 38 37 1
35 11 28 99 1
42 95 45 81 1
41 78 40 35 1
62 37 95 55 1
34 31 83 19 0
57 23 76 80 1
97 55 30 91 1
3 86 1 14 1
27 0 9 35 1
78 32 58 26 1
12 52 57 45 0
78 19 93 81 1
70 33 77 86 1
43 0 57 22 1
14 69 10 67 1
4 52 60 52 0
63 94 5 11 1
60 13 12 7 1
56 5 57 10 1
30 3 98 61 0
1 43 16 39 1
17 52 52 7 1
18 21 22 30 1
68 95 3 49 1
9 9 34 94 0
76 48 49 8 1
24 36 9 6 1
8 81 73 57 0
1 36 0 58 1
41 78 54 91 1
26 34 69 7 0
82 15 29 80 1
61 50 3 49 1
69 90 34 97 1
88 53 42 34 1
74 66 65 64 1
43 11 71 35 0
17 72 37 32 1
65 4 81 92 1
59 95 81 36 1
64 83 25 29 1
7 90 6 31 1
59 67 4 1 1
76 8 63 33 1
33 29 29 86 1
63 25 93 56 1
67 91 40 13 1
90 44 24 98 1
48 25 60 37 1
31 15 86 97 0
11 17 28 43 0
20 36 8 47 1
5 30 60 51 0
47 51 2 84 1
88 13 62 83 1
33 38 92 80 0
19 36 15 37 1
10 51 19 53 1
41 9 77 73 0
29 65 55 83 1
96 34 58 30 1
53 36 26 40 1
0 17 58 95 0
87 32 17 71 1
7 53 16 30 1
30 34 25 82 1
73 82 20 57 1
76 15 85 42 1
38 21 11 69 1
85 86 90 17 1
72 17 21 51 1
2 58 58 48 0
41 29 89 83 0
96 76 49 47 1
38 44 81 29 0
68 22 78 36 1
49 80 79 31 1
17 64 15 66 1
93 45 58 34 1
77 50 94 67 1
97 54 99 59 1
19 4 75 50 0
37 78 47 76 1
42 49 28 84 1
96 6 78 56 1
56 45 2 52 1
73 27 93 34 1
5 56 24 42 1
45 74 12 4 1
97 36 93 38 1
74 42 35 98 1
58 76 21 70 1
95 12 42 66 1
51 23 24 74 1
75 54 53 68 1
98 81 68 26 1
40 7 2 98 1
97 43 84 29 1
66 78 74 76 1
90 46 39 53 1
14 30 67 78 0
21 36 69 40 0
16 7 84 19 0
2 60 32 99 1
18 51 47 61 1
17 66 54 9 1
42 70 21 49 1
45 7 85 73 0
89 18 60 71 1
78 4 92 83 1
73 91 20 66 1
13 61 96 15 0
50 53 69 76 1
42 37 5 52 1
60 59 30 7 1
84 83 34 26 1
39 75 82 17 1
64 61 54 4 1
80 56 89 97 1
28 98 17 7 1
43 64 49 72 1
84 1 27 43 1
58 15 52 9 1
24 72 89 99 0
46 91 98 45 1
65 54 72 79 1
24 8 17 39 1
84 6 46 82 1
26 79 7 1 1
28 16 29 76 1
97 1 29 46 1
94 81 5 21 1
5 88 15 54 1
45 87 47 85 1
42 22 32 73 1
92 59 47 28 1
10 21 75 19 0
79 9 24 49 1
50 52 83 14 1
31 70 29 37 1
45 92 80 58 1
5 82 49 81 1
33 90 87 50 1
16 85 45 44 1
21 47 26 46 1
90 4 38 77 1
73 70 35 12 1
5 95 56 28 1
82 62 89 92 1
99 15 95 47 1
35 92 95 11 1
25 18 96 60 0
99 90 51 94 1
68 43 14 5 1
96 0 46 4 1
61 21 84 50 1
14 55 69 12 0
57 3 29 33 1
48 37 18 73 1
36 67 5 60 1
63 72 73 17 1
87 67 3 69 1
44 75 41 62 1
43 79 94 0 1
16 33 45 43 0
71 81 37 41 1
38 35 49 81 1
15 54 42 89 1
72 45 45 15 1
62 52 35 98 1
56 1 99 55 0
92 27 41 2 1
14 24 88 19 0
5 99 35 33 1
90 76 26 15 1
40 15 35 85 1
29 22 58 45 0
3 89 79 89 0
67 58 20 57 1
60 23 3 87 1
97 67 9 30 1
15 0 79 39 0
26 61 88 47 0
61 90 2 73 1
34 32 76 85 0
66 60 29 8 1
84 96 57 28 1
35 0 53 74 0
3 65 25 12 1
60 74 57 22 1
93 74 59 56 1
50 67 32 36 1
73 97 35 5 1
94 43 97 69 1
28 9 61 94 0
95 57 65 18 1
55 67 5 81 1
38 27 7 59 1
95 96 97 90 1
48 30 88 44 0
58 53 81 81 1
44 33 56 5 1
46 6 92 20 0
1 81 71 36 0
21 41 41 20 1
62 74 7 55 1
61 72 85 54 1
55 22 15 89 1
42 33 99 38 0
30 41 77 86 0
35 73 91 30 1
12 62 14 98 1
98 76 97 75 1
59 91 54 86 1
53 55 66 90 1
66 64 79 58 1
20 43 89 15 0
24 60 3 8 1
20 67 47 46 1
62 19 96 45 1
59 60 58 6 1
80 63 71 87 1
20 66 57 95 1
26 46 70 77 0
48 59 58 50 1
94 56 45 48 1
97 23 68 72 1
16 1 51 45 0
80 38 4 26 1
75 5 38 30 1
24 75 45 17 1
69 55 62 90 1
25 13 20 4 1
79 35 58 61 1
40 2 71 74 0
91 13 12 99 1
75 64 36 30 1
6 95 1 17 1
41 98 1 38 1
80 12 64 52 1
86 32 80 27 1
34 24 98 2 0
30 30 69 63 0
88 6 77 17 1
37 82 19 66 1
56 23 17 96 1
60 33 51 18 1
42 97 72 41 1
76 1 93 57 1
76 64 60 33 1
90 43 39 56 1
94 23 22 76 1
66 89 58 16 1
97 84 51 59 1
78 5 95 47 1
16 0 47 22 0
82 99 28 75 1
38 73 1 15 1
99 20 90 44 1
12 42 79 52 0
69 85 28 38 1
7 19 6 76 1
9 26 20 36 1
31 41 84 16 0
32 91 76 31 1
47 36 23 18 1
26 51 48 77 1
30 79 66 75 1
4 71 81 83 0
64 28 55 62 1
58 79 98 70 1
45 35 53 8 1
77 15 79 91 1
19 64 74 10 0
53 96 4 67 1
40 9 55 0 1
35 28 94 57 0
81 69 97 45 1
5 24 85 13 0
23 34 93 75 0
75 85 91 58 1
45 66 41 7 1
15 0 94 47 0
42 76 80 29 1
87 71 68 31 1
32 3 14 66 1
16 31 23 89 1
27 93 23 76 1
40 50 12 57 1
35 64 94 17 0
55 28 48 73 1
2 35 10 28 1
41 2 72 80 0
26 82 20 59 1
77 13 14 96 1
53 11 48 58 1
8 40 48 34 0
37 99 40 10 1
47 23 56 38 1
4 52 62 47 0
26 71 90 25 0
41 20 31 54 1
2 62 55 4 0
94 28 13 25 1
93 82 22 4 1
50 96 39 17 1
66 92 56 27 1
78 84 32 24 1
75 78 14 36 1
8 45 89 49 0
87 40 9 51 1
45 89 62 10 1
79 39 38 4 1
33 74 53 34 1
66 47 61 68 1
34 34 18 5 1
27 19 80 99 0
41 38 92 11 0
57 64 18 37 1
38 14 75 37 0
10 87 7 87 1
88 17 16 28 1
55 21 82 11 1
88 89 90 15 1
37 97 21 77 1
94 84 94 27 1
98 93 2 11 1
91 34 65 73 1
86 23 88 67 1
61 97 88 27 1
76 90 31 38 1
59 28 36 83 1
69 47 7 15 1
34 13 88 53 0
43 83 57 48 1
11 98 88 21 0
86 56 97 39 1
43 96 18 16 1
5 31 20 27 1
85 70 23 55 1
31 52 8 56 1
42 99 91 99 1
1 38 98 92 0
22 9 31 89 1
2 5 95 29 0
88 48 94 84 1
77 56 98 25 1
44 5 96 4 0
35 87 2 82 1
10 48 48 27 0
28 86 97 9 0
20 27 99 5 0
91 54 74 37 1
33 23 99 49 0
62 72 11 77 1
13 21 95 16 0
52 67 45 88 1
37 85 85 11 1
42 47 48 13 1
32 71 75 66 1
46 74 49 87 1
95 38 32 47 1
94 64 53 76 1
21 11 28 74 1
23 13 0 13 1
16 28 21 76 1
37 81 33 46 1
69 73 87 84 1
91 93 87 28 1
34 0 19 40 1
27 43 98 45 0
78 26 16 26 1
3 32 71 35 0
55 97 87 48 1
99 67 38 64 1
49 55 40 71 1
26 18 12 6 1
97 8 36 89 1
5 91 24 82 1
57 31 97 51 1
97 26 95 14 1
12 35 24 72 1
9 52 75 76 0
17 99 96 0 0
11 83 59 88 1
11 92 81 4 0
57 22 86 54 1
1 1 8 23 0
80 86 75 63 1
92 35 76 67 1
76 56 2 11 1
72 65 19 30 1
83 19 99 71 1
10 28 35 50 0
49 50 3 73 1
82 54 69 26 1
61 55 79 22 1
13 81 43 57 1
34 14 10 67 1
72 91 65 50 1
18 55 72 0 0
76 41 75 10 1
44 6 86 71 0
12 84 41 93 1
3 7 77 57 0
18 60 88 97 0
98 85 35 92 1
27 94 91 65 1
8 89 29 15 1
3 51 23 95 1
21 85 66 95 1
72 69 57 51 1
12 10 57 59 0
50 75 42 29 1
53 40 44 73 1
41 88 43 39 1
97 73 6 88 1
23 40 5 14 1
87 16 40 26 1
14 75 58 79 1
15 60 19 82 1
62 63 79 5 1
71 71 22 48 1
83 14 2 79 1
20 10 85 41 0
49 57 49 29 1
68 36 74 64 1
18 44 3 48 1
88 28 34 72 1
56 37 95 12 1
43 38 48 90 1
4 38 79 27 0
10 7 54 88 0
33 96 57 62 1
88 84 94 4 1
53 12 30 46 1
20 97 58 51 1
5 60 83 7 0
46 88 9 49 1
17 98 14 66 1
9 58 27 75 1
59 47 47 86 1
32 53 4 29 1
37 42 98 21 0
22 54 62 17 1
3 18 69 41 0
34 9 92 32 0
29 96 95 74 1
9 21 61 58 0
55 99 92 9 1
48 42 92 69 1
68 17 48 64 1
52 4 48 8 1
49 88 28 57 1
44 91 38 68 1
90 24 75 44 1
25 54 52 87 1
91 48 63 20 1
19 60 11 90 1
41 41 6 97 1
13 2 45 72 0
29 85 95 54 0
55 72 50 47 1
56 84 24 92 1
46 14 21 89 1
84 55 96 84 1
33 12 97 71 0
9 88 14 87 1
5 46 4 12 1
88 81 78 55 1
78 81 94 9 1
37 1 51 64 1
26 11 39 41 1
84 25 33 51 1
21 54 79 97 0
0 11 92 33 0
10 13 85 10 0
39 32 68 35 1
72 87 87 77 1
82 63 46 98 1
82 20 26 28 1
12 17 2 36 1
74 34 39 10 1
51 2 65 23 1
0 74 68 20 0
57 5 3 13 1
94 43 2 33 1
27 5 51 77 0
37 23 15 74 1
92 35 24 94 1
61 53 87 8 1
29 94 99 74 0
25 5 5 30 1
3 11 57 27 0
0 91 11 36 1
66 21 73 94 1
58 27 18 49 1
57 88 40 51 1
22 29 53 40 0
45 50 53 80 1
11 32 57 27 0
12 78 50 60 1
77 62 52 65 1
60 31 49 73 1
14 79 11 68 1
33 56 41 27 1
50 95 17 15 1
38 2 85 35 0
17 39 94 63 0
49 9 25 29 1
66 0 49 89 1
5 84 13 37 1
84 30 60 57 1
2 37 52 22 0
93 84 65 41 1
86 54 71 38 1
16 52 92 51 0
87 28 46 9 1
41 27 15 26 1
79 14 16 29 1
61 82 6 55 1
65 81 0 30 1
49 62 1 75 1
31 32 74 3 0
61 88 12 26 1
4 41 49 78 0
20 59 42 14 1
54 4 59 50 1
87 10 11 85 1
57 66 62 11 1
73 54 53 56 1
30 58 40 55 1
95 88 8 80 1
81 93 93 15 1
57 7 24 74 1
53 50 72 40 1
74 39 99 22 1
44 48 53 0 1
81 72 22 75 1
93 52 32 46 1
19 38 96 47 0
47 73 48 28 1
82 21 30 97 1
32 71 99 24 0
65 82 54 61 1
0 53 84 64 0
53 8 78 38 1
82 2 3 54 1
18 46 7 6 1
0 72 28 16 1
43 95 56 91 1
73 36 39 7 1
32 14 14 99 1
95 12 10 36 1
78 5 15 77 1
84 16 80 49 1
91 26 20 41 1
42 46 30 33 1
58 51 72 8 1
27 93 67 37 1
56 76 2 76 1
28 79 8 30 1
90 30 48 40 1
0 16 16 85 0
69 14 75 7 1
29 39 72 48 0
39 15 98 52 0
81 74 70 41 1
10 79 79 19 0
42 45 92 67 0
46 86 45 27 1
45 73 25 17 1
58 37 68 19 1
57 4 62 16 1
81 0 48 31 1
41 31 68 28 1
18 95 16 70 1
84 34 40 78 1
89 55 23 86 1
86 63 47 32 1
45 85 10 88 1
74 43 63 57 1
72 27 48 56 1
39 28 14 30 1
31 64 64 11 1
37 0 34 18 1
32 38 31 11 1
87 82 27 33 1
9 5 68 3 0
75 12 73 11 1
13 37 20 51 1
73 37 25 45 1
3 19 14 51 1
89 2 74 54 1
7 68 6 68 1
40 96 24 15 1
50 22 99 79 0
86 74 50 36 1
18 53 0 69 1
68 40 44 12 1
5 9 28 1 0
94 23 80 15 1
38 66 95 91 0
98 54 62 96 1
18 76 27 47 1
85 89 42 91 1
49 40 59 6 1
41 6 3 83 1
86 1 52 86 1
98 61 54 61 1
34 82 67 2 1
33 0 81 23 0
65 65 1 20 1
76 74 95 38 1
69 56 21 90 1
61 72 8 28 1
14 81 50 32 1
55 88 6 15 1
15 92 89 14 0
22 66 90 17 0
47 18 88 8 0
22 89 73 15 1
95 60 45 26 1
15 68 10 84 1
47 46 47 69 1
46 26 93 45 0
7 3 25 65 0
28 79 71 48 1
71 97 6 82 1
34 37 99 17 0
63 22 36 18 1
73 5 7 22 1
17 40 81 92 0
62 88 32 48 1
99 28 25 29 1
28 87 62 73 1
73 74 21 22 1
91 4 54 12 1
65 12 20 13 1
26 65 97 5 0
46 74 35 25 1
47 0 21 7 1
2 4 56 34 0
54 22 79 21 1
2 79 52 23 0
94 45 61 18 1
27 82 9 69 1
98 23 71 30 1
9 82 20 80 1
86 17 92 92 1
44 17 41 9 1
23 77 71 90 1
26 19 67 56 0
8 46 72 2 0
5 14 33 68 0
97 65 51 43 1
3 52 88 4 0
26 30 36 46 1
73 7 28 14 1
57 31 40 65 1
85 21 95 82 1
31 97 6 28 1
88 84 28 17 1
39 16 58 1 1
53 69 55 56 1
99 36 31 65 1
95 96 18 30 1
14 85 95 32 0
11 78 15 7 1
71 74 62 84 1
33 18 42 27 1
24 69 67 29 1
30 95 34 26 1
67 23 72 24 1
6 74 99 43 0
52 90 45 79 1
18 3 92 63 0
58 63 39 94 1
5 47 22 51 1
49 73 12 32 1
79 32 35 60 1
62 92 90 99 1
82 44 51 56 1
92 8 49 48 1
55 22 62 95 1
57 85 34 55 1
41 64 43 11 1
8 23 56 85 0
56 55 93 8 1
21 76 43 9 1
75 33 45 51 1
88 71 85 29 1
87 66 42 37 1
70 20 49 38 1
85 41 81 32 1
47 82 27 75 1
85 72 62 87 1
40 83 20 91 1
6 41 92 75 0
6 80 31 45 1
71 36 25 29 1
46 69 57 63 1
72 68 33 37 1
1 23 49 12 0
1 71 92 8 0
46 36 48 56 1
41 88 64 98 1
45 45 15 39 1
2 42 11 68 1
95 70 60 66 1
57 74 42 45 1
81 76 17 47 1
53 7 75 26 1
22 91 76 71 1
82 63 81 54 1
7 54 71 8 0
84 49 11 88 1
50 26 13 44 1
12 75 78 19 0
34 18 60 65 0
31 69 51 8 1
32 6 33 0 1
3 63 41 53 1
47 58 69 44 1
98 1 11 13 1
12 76 17 59 1
41 52 89 35 0
26 55 62 98 1
53 72 42 71 1
13 8 26 83 0
47 57 30 75 1
54 56 49 99 1
19 22 19 47 1
50 98 73 43 1
18 52 5 26 1
15 31 11 2 1
55 42 78 12 1
74 71 22 55 1
79 52 67 79 1
96 2 25 59 1
6 13 76 94 0
89 46 1 55 1
79 51 72 91 1
64 43 36 59 1
92 42 43 83 1
34 69 98 34 0
65 96 0 63 1
2 69 57 76 0
1 7 39 34 0
95 88 78 56 1
51 95 21 83 1
31 87 48 49 1
60 61 99 50 1
32 64 20 72 1
43 69 40 25 1
70 18 87 69 1
74 99 53 50 1
20 64 45 95 1
7 80 99 81 0
62 55 80 20 1
35 35 23 88 1
57 10 21 84 1
91 20 84 82 1
19 74 71 42 1
63 95 78 93 1
51 31 33 94 1
33 29 8 35 1
6 72 34 74 1
62 58 50 24 1
61 25 94 73 1
52 30 43 98 1
27 7 25 80 1
52 52 66 54 1
30 4 72 20 0
47 97 61 70 1
29 70 36 90 1
33 84 79 56 1
11 15 21 91 1
43 82 10 12 1
48 2 75 6 0
97 87 94 61 1
63 26 42 88 1
3 84 87 75 0
4 53 43 70 0
93 74 88 58 1
85 73 38 74 1
73 37 75 19 1
47 53 60 46 1
29 28 39 70 1
2 9 99 8 0
8 3 80 72 0
73 27 23 27 1
58 26 27 64 1
65 22 31 18 1
25 68 48 76 1
50 0 44 83 1
54 31 4 89 1
45 92 21 38 1
23 55 30 96 1
43 15 28 9 1
38 77 26 67 1
39 99 24 99 1
25 73 24 88 1
17 34 63 58 0
21 85 23 74 1
15 37 94 6 0
94 33 72 75 1
31 29 90 37 0
9 95 53 81 1
89 18 98 72 1
74 0 33 93 1
75 98 81 75 1
79 81 69 11 1
2 26 40 25 0
75 12 86 84 1
32 57 54 1 1
53 19 78 43 1
83 73 49 36 1
34 6 21 37 1
82 80 70 79 1
38 77 57 20 1
1 48 46 53 0
30 33 71 51 0
51 46 94 85 1
46 67 25 41 1
86 65 99 64 1
35 76 22 61 1
61 20 46 48 1
92 77 5 18 1
13 70 94 69 0
86 33 68 14 1
62 46 37 76 1
43 70 40 27 1
43 3 17 47 1
48 76 47 31 1
15 81 11 41 1
1 22 55 5 0
67 17 49 24 1
59 51 81 85 1
58 0 82 81 0
28 15 44 95 1
65 14 32 48 1
2 20 8 17 1
54 83 34 72 1
87 86 89 63 1
77 47 14 56 1
40 54 80 38 1
25 57 88 81 0
63 37 94 65 1
9 59 1 24 1
37 24 60 81 1
70 78 88 87 1
37 28 2 84 1
56 79 29 79 1
8 18 95 72 0
59 94 47 80 1
5 44 86 36 0
46 13 15 72 1
31 89 45 21 1
80 34 9 9 1
93 30 10 35 1
56 46 94 27 1
53 68 81 57 1
45 10 44 23 1
81 39 61 54 1
26 57 89 50 0
91 23 33 30 1
40 36 91 80 0
83 53 25 8 1
29 57 79 64 0
51 60 55 11 1
86 98 89 40 1
96 54 93 68 1
53 39 56 73 1
67 74 22 28 1
88 86 4 84 1
84 62 93 52 1
14 68 87 3 0
57 50 87 6 1
74 78 12 18 1
63 88 72 28 1
22 56 8 82 1
13 27 52 50 0
78 15 9 50 1
95 11 93 73 1
8 47 1 25 1
77 54 64 96 1
73 96 50 59 1
51 89 83 62 1
99 64 35 89 1
40 46 62 29 1
57 55 99 93 1
20 54 82 64 0
1 22 47 18 0
8 47 21 46 1
82 76 15 93 1
79 50 7 23 1
95 21 14 61 1
25 82 68 95 1
97 63 70 33 1
22 73 23 87 1
95 14 41 9 1
24 67 5 63 1
74 28 95 22 1
72 74 85 30 1
82 57 94 92 1
31 94 32 41 1
28 68 65 98 1
98 22 70 89 1
83 9 98 86 1
41 59 56 53 1
28 23 4 87 1
17 62 8 73 1
65 95 15 81 1
69 7 66 27 1
98 70 24 12 1
53 13 93 29 0
81 74 40 27 1
30 98 24 66 1
58 9 63 6 1
5 43 6 58 1
33 10 14 88 1
9 22 40 2 0
82 35 40 74 1
32 51 22 21 1
56 42 73 80 1
43 87 91 54 1
87 57 78 46 1
32 9 96 22 0
55 47 30 8 1
97 12 97 88 1
40 36 35 6 1
47 25 50 5 1
39 41 60 63 1
43 25 49 97 1
58 77 52 45 1
7 79 19 51 1
51 34 95 26 0
53 68 57 89 1
89 20 64 55 1
10 30 75 28 0
12 50 8 5 1
69 37 74 47 1
64 19 51 26 1
13 24 18 73 1
60 12 27 77 1
8 54 98 67 0
6 78 81 73 0
17 84 71 14 1
85 96 98 49 1
3 93 22 15 1
97 81 78 3 1
96 57 16 68 1
51 95 24 12 1
23 53 13 44 1
22 55 87 87 0
86 82 24 76 1
11 13 0 63 1
15 62 89 33 0
90 11 93 55 1
74 21 88 77 1
33 9 45 35 1
98 37 87 61 1
66 38 46 1 1
93 58 95 68 1
46 89 41 7 1
67 39 7 20 1
88 24 33 50 1
80 73 28 78 1
30 45 74 97 0
28 63 61 70 1
40 70 85 24 1
49 55 15 11 1
46 24 82 88 0
87 98 5 78 1
31 57 39 54 1
81 62 98 40 1
0 19 27 92 0
5 25 67 6 0
20 10 1 39 1
21 77 37 11 1
54 25 68 0 1
94 92 9 81 1
62 15 53 51 1
39 80 24 38 1
43 17 44 53 1
20 9 31 7 1
90 55 86 96 1
4 18 83 45 0
10 95 6 6 1
47 89 18 15 1
92 5 7 12 1
59 48 19 32 1
53 68 50 42 1
61 53 71 52 1
2 23 12 32 1
96 67 21 27 1
90 61 3 42 1
78 92 85 53 1
97 22 44 20 1
7 28 74 74 0
81 12 97 30 1
46 85 78 38 1
65 61 67 38 1
31 91 59 22 1
16 41 78 97 0
35 76 32 69 1
37 17 72 53 0
83 57 8 13 1
53 8 98 45 0
69 17 18 65 1
6 90 11 41 1
76 98 8 93 1
90 62 19 7 1
60 81 79 70 1
97 34 40 1 1
78 24 99 69 1
91 63 29 64 1
71 58 47 66 1
42 84 94 3 1
79 83 77 33 1
28 61 22 68 1
86 1 48 34 1
65 82 98 47 1
18 34 51 37 0
69 49 69 68 1
48 43 1 10 1
19 72 26 49 1
98 67 10 2 1
18 31 35 92 1
48 45 5 69 1
59 94 38 95 1
72 48 70 78 1
2 21 65 19 0
90 23 71 25 1
25 8 57 76 0
89 95 6 98 1
39 75 27 44 1
55 25 35 47 1
25 42 55 53 1
59 40 49 77 1
90 28 66 68 1
76 80 44 79 1
97 99 78 18 1
21 33 28 9 1
17 8 84 25 0
39 87 5 56 1
70 33 42 98 1
28 10 41 92 1
6 51 13 14 1
69 48 82 34 1
44 26 49 3 1
33 94 33 90 1
50 38 58 77 1
23 73 99 60 0
45 45 17 74 1
89 70 0 47 1
97 88 95 40 1
48 67 39 68 1
39 6 50 47 1
89 11 7 29 1
55 46 13 67 1
19 17 40 9 0
72 80 76 88 1
73 5 63 36 1
46 88 19 63 1
83 57 7 99 1
39 67 80 10 1
80 90 38 75 1
82 99 88 49 1
84 79 9 6 1
2 87 61 51 0
71 67 83 39 1
14 5 19 66 1
42 77 24 32 1
69 43 55 27 1
0 17 79 26 0
78 24 66 89 1
8 54 62 76 0
91 16 19 54 1
56 62 9 12 1
53 78 63 81 1
4 23 58 33 0
5 91 13 60 1
85 44 35 78 1
18 45 56 55 0
79 61 47 62 1
16 36 92 54 0
64 94 40 45 1
10 24 18 33 1
41 6 99 57 0
66 80 30 60 1
63 81 31 59 1
21 96 61 87 1
61 28 91 11 1
73 3 80 51 1
73 19 67 32 1
73 14 57 47 1
59 88 20 97 1
84 88 7 76 1
10 72 1 92 1
92 38 80 28 1
69 33 68 38 1
46 10 31 20 1
92 7 28 22 1
10 5 62 78 0
66 95 84 6 1
74 44 4 67 1
67 92 80 79 1
19 71 74 58 0
67 36 16 76 1
29 37 48 94 1
94 73 78 15 1
71 86 42 18 1
23 80 52 62 1
56 6 42 49 1
56 61 59 86 1
30 30 43 10 1
53 65 85 54 1
45 92 71 85 1
32 78 88 50 1
10 43 8 56 1
12 58 26 5 1
51 66 25 91 1
36 55 57 53 1
34 30 76 64 0
19 66 76 30 0
23 65 70 13 1
24 17 53 49 0
39 51 18 28 1
77 91 44 10 1
99 66 63 75 1
88 40 19 20 1
96 47 95 0 1
46 74 12 79 1
63 78 70 19 1
64 75 25 15 1
36 80 90 41 1
33 78 6 99 1
36 86 26 27 1
59 75 31 3 1
99 13 95 14 1
63 43 18 10 1
58 38 63 64 1
32 97 53 65 1
78 61 95 67 1
21 3 88 10 0
68 71 14 59 1
34 71 46 19 1
10 89 67 23 1
81 94 22 3 1
40 8 21 60 1
46 70 78 20 1
48 82 76 61 1
19 98 87 56 0
11 50 47 11 1
48 50 81 43 1
24 13 56 15 0
47 19 38 63 1
48 84 22 40 1
37 40 80 44 0
54 94 8 62 1
80 46 29 73 1
4 4 32 7 0
12 86 6 20 1
29 81 68 41 1
34 81 3 62 1
76 47 95 8 1
46 28 13 97 1
92 25 77 91 1
29 7 90 2 0
74 4 61 90 1
51 66 28 56 1
74 84 68 56 1
14 70 93 87 0
66 54 30 67 1
93 20 54 79 1
26 62 57 91 1
88 69 77 13 1
65 13 58 40 1
72 7 23 75 1
68 49 66 88 1
60 61 95 48 1
46 64 93 93 1
75 25 79 87 1
9 67 43 71 1
94 10 16 66 1
90 34 51 52 1
93 61 41 11 1
30 52 52 68 1
31 36 22 53 1
31 24 95 40 0
6 65 5 51 1
49 3 25 5 1
98 32 11 76 1
87 69 6 79 1
57 59 71 42 1
7 56 6 29 1
46 11 99 1 0
44 62 18 47 1
12 98 54 57 1
64 27 58 7 1
42 99 80 71 1
47 31 20 48 1
4 2 96 29 0
88 10 25 3 1
64 73 57 68 1
88 4 97 96 1
11 29 98 63 0
48 99 33 27 1
32 12 12 3 1
99 53 5 7 1
96 86 82 91 1
31 77 70 26 1
7 93 99 29 0
22 44 48 98 1
97 46 47 90 1
79 51 85 8 1
40 83 34 38 1
27 78 37 74 1
99 33 85 56 1
78 14 50 98 1
23 91 16 63 1
99 81 93 40 1
5 55 29 97 1
45 15 59 21 1
7 85 19 83 1
67 76 79 70 1
6 78 66 21 0
67 51 91 94 1
31 97 61 53 1
32 16 53 71 1
89 51 9 8 1
39 82 10 13 1
31 44 96 95 0
70 66 40 61 1
91 85 44 91 1
96 40 10 52 1
69 10 90 21 1
36 50 20 56 1
56 57 18 18 1
28 2 49 47 0
51 99 80 78 1
14 8 62 5 0
68 43 37 69 1
46 68 41 14 1
16 88 53 26 1
57 9 48 84 1
90 0 77 3 1
66 10 80 59 1
2 70 60 60 0
95 28 56 84 1
6 17 51 20 0
91 18 69 83 1
49 1 15 80 1
13 72 42 4 1
30 38 70 49 0
43 89 32 95 1
42 61 65 91 1
64 60 0 15 1
0 98 26 97 1
1 60 95 26 0
35 42 91 84 0
60 19 83 9 1
69 47 62 2 1
95 11 17 68 1
79 57 1 0 1
3 56 66 70 0
64 66 78 34 1
95 60 30 93 1
17 68 64 67 1
55 59 87 3 1
6 73 16 19 1
83 20 65 30 1
52 95 39 27 1
32 85 36 1 1
3 42 20 85 1
80 10 64 93 1
8 77 52 4 1
3 66 2 5 1
50 53 41 9 1
10 67 27 91 1
23 33 84 7 0
90 86 7 98 1
46 12 19 83 1
22 66 78 68 0
78 94 94 21 1
80 18 96 81 1
74 9 58 94 1
4 44 33 97 1
15 66 61 40 1
16 77 21 75 1
81 57 37 74 1
2 87 70 20 0
20 61 5 49 1
69 80 76 22 1
50 79 39 68 1
39 17 48 95 1
26 29 11 65 1
29 46 48 51 1
3 81 62 81 0
4 82 81 98 0
67 29 49 19 1
46 82 39 74 1
93 72 40 88 1
98 59 85 5 1
68 36 39 85 1
36 46 76 77 1
67 45 40 35 1
56 30 42 81 1
91 67 26 11 1
42 75 19 85 1
3 52 21 90 1
93 81 13 62 1
65 21 75 84 1
73 11 7 28 1
15 91 21 25 1
88 73 73 33 1
76 1 92 36 1
92 35 43 67 1
28 9 35 6 1
15 87 81 89 0
6 81 85 75 0
25 40 7 27 1
10 41 76 63 0
90 74 37 96 1
5 57 57 73 0
90 43 38 88 1
4 74 94 89 0
53 47 32 27 1
89 27 2 62 1
61 14 65 1 1
8 56 54 27 0
60 57 8 21 1
1 61 4 17 1
3 30 44 50 0
87 80 89 91 1
15 24 1 52 1
10 73 45 73 1
1 74 41 29 1
82 76 64 59 1
93 66 69 16 1
14 10 4 62 1
6 23 85 4 0
55 1 79 77 0
43 41 48 94 1
99 77 91 39 1
76 41 6 40 1
17 37 2 60 1
67 44 42 76 1
88 77 3 41 1
82 85 59 91 1
13 23 78 81 0
88 98 14 4 1
30 92 53 98 1
81 33 74 34 1
62 57 21 81 1
68 14 96 24 1
96 74 62 4 1
0 80 34 81 1
99 72 93 13 1
27 73 49 53 1
37 53 52 21 1
21 44 43 35 1
28 74 88 26 0
4 65 25 24 1
59 46 36 82 1
42 15 40 0 1
12 1 48 60 0
33 75 39 75 1
66 27 84 0 1
25 36 97 0 0
98 80 88 56 1
23 85 25 45 1
16 92 59 19 1
69 12 2 43 1
49 98 63 86 1
34 5 31 55 1
40 83 38 58 1
56 36 63 87 1
88 39 73 62 1
22 82 47 49 1
58 97 81 92 1
61 13 77 25 1
34 13 90 33 0
81 56 89 53 1
47 52 93 70 1
80 29 67 14 1
19 92 35 35 1
97 63 9 37 1
93 66 78 7 1
1 74 41 14 1
2 84 92 48 0
70 76 70 75 1
22 22 22 98 1
15 28 24 54 1
51 75 45 41 1
74 7 37 82 1
85 92 7 53 1
32 0 34 92 1
29 70 68 9 1
7 82 94 77 0
89 34 45 20 1
88 15 79 85 1
43 55 70 30 1
22 32 18 10 1
93 90 75 26 1
29 80 72 8 1
34 92 38 0 1
26 14 59 98 0
32 51 84 57 0
3 31 14 1 1
95 32 97 11 1
74 49 12 66 1
5 15 23 50 0
28 14 53 63 0
20 5 51 20 0
94 60 51 65 1
37 86 56 22 1
37 79 20 55 1
48 47 41 74 1
99 42 14 30 1
47 91 64 98 1
5 58 51 78 0
96 0 67 76 1
89 31 3 71 1
92 52 13 47 1
13 58 62 14 0
90 40 60 22 1
64 27 3 91 1
63 28 16 28 1
53 21 90 57 0
68 43 63 76 1
52 62 87 85 1
34 6 84 54 0
56 37 15 14 1
61 98 25 12 1
68 58 13 58 1
43 32 82 78 0
38 62 40 90 1
94 39 59 0 1
33 52 88 80 0
8 96 65 16 1
23 93 7 93 1
37 1 48 56 1
41 16 42 57 1
36 26 32 20 1
42 61 9 18 1
36 81 19 72 1
62 25 25 11 1
35 49 85 15 0
51 90 28 98 1
18 94 92 24 0
69 87 90 20 1
71 66 16 91 1
53 29 71 99 1
37 38 10 34 1
84 14 30 54 1
89 38 96 59 1
97 56 19 83 1
29 1 53 72 0
4 37 51 89 0
89 37 60 23 1
55 77 32 20 1
28 37 70 64 0
81 80 85 73 1
66 1 1 86 1
20 74 9 4 1
45 55 87 63 1
72 16 34 45 1
30 8 35 58 1
60 92 54 23 1
5 99 92 76 0
36 90 20 99 1
87 66 74 4 1
99 35 51 18 1
18 26 58 33 0
39 83 83 4 1
14 75 85 5 0
14 70 78 6 0
74 17 87 66 1
86 60 18 80 1
48 66 72 85 1
99 11 41 79 1
51 20 86 89 0
71 88 43 15 1
75 23 42 89 1
96 87 18 45 1
35 33 49 44 1
75 61 43 34 1
27 14 3 72 1
65 8 79 77 1
54 45 66 52 1
72 58 83 12 1
18 48 91 91 0
21 16 38 68 1
95 23 45 99 1
15 17 75 33 0
21 24 78 81 0
29 31 69 2 0
52 29 31 98 1
67 12 99 20 1
38 49 44 28 1
8 82 10 81 1
33 88 57 54 1
12 77 2 91 1
28 20 64 40 0
21 23 81 29 0
98 42 27 38 1
9 58 34 55 1
37 47 89 21 0
45 31 11 13 1
52 15 20 9 1
16 38 40 46 1
83 16 69 18 1
90 96 43 40 1
57 74 95 70 1
38 25 73 60 0
71 19 5 6 1
27 25 83 39 0
21 76 24 95 1
91 62 49 51 1
77 13 64 76 1
19 55 75 60 0
73 91 39 55 1
99 39 58 47 1
44 15 87 95 0
43 82 54 12 1
3 81 11 98 1
60 32 1 63 1
43 23 1 62 1
55 50 34 35 1
64 27 92 14 1
94 9 11 89 1
87 91 30 95 1
77 72 18 16 1
68 14 11 87 1
1 59 82 71 0
26 76 41 41 1
48 82 68 67 1
2 22 10 44 1
6 37 15 81 1
65 5 70 78 1
26 8 72 77 0
24 95 48 85 1
64 78 92 32 1
59 65 31 85 1
74 63 24 15 1
64 23 58 71 1
91 83 40 41 1
82 56 22 43 1
60 14 37 80 1
96 40 33 32 1
59 95 95 93 1
28 47 73 62 0
25 87 33 34 1
37 89 17 26 1
76 77 92 50 1
49 24 67 24 1
29 68 73 68 1
48 37 66 86 1
55 72 45 64 1
59 69 12 59 1
18 74 27 2 1
14 96 6 60 1
4 66 66 45 0
89 73 95 24 1
79 18 14 75 1
42 32 77 14 1
18 30 74 55 0
98 45 99 43 1
85 84 22 79 1
33 56 91 97 0
96 91 96 92 1
5 20 9 38 1
17 6 68 74 0
94 2 18 56 1
42 31 29 52 1
50 59 92 50 1
85 60 35 80 1
17 27 83 77 0
33 89 13 5 1
41 53 88 2 1
73 79 63 3 1
61 64 44 80 1
98 30 84 49 1
90 94 86 78 1
55 35 64 0 1
77 64 60 72 1
78 8 1 65 1
2 15 21 46 0
2 80 97 80 0
26 71 13 99 1
4 42 70 42 0
76 97 76 62 1
44 99 77 86 1
55 23 75 97 1
41 14 25 14 1
31 92 78 8 1
22 3 3 45 1
85 87 39 1 1
68 42 16 16 1
33 84 89 0 1
67 0 5 73 1
61 66 84 87 1
49 10 27 58 1
42 44 38 12 1
10 97 32 15 1
48 47 89 30 1
22 51 49 40 1
12 76 52 12 1
28 82 51 92 1
43 43 42 70 1
54 89 24 4 1
94 60 76 14 1
54 50 15 48 1
12 24 95 81 0
70 7 9 76 1
52 17 37 55 1
89 72 21 17 1
68 29 37 25 1
72 11 87 91 1
16 72 20 33 1
25 78 9 25 1
68 97 0 40 1
77 78 75 5 1
24 13 66 2 0
9 96 65 39 1
65 82 26 41 1
79 7 3 40 1
36 45 32 78 1
45 46 37 30 1
11 84 41 24 1
42 40 11 33 1
40 45 51 20 1
20 98 76 17 1
7 69 72 47 0
35 50 61 43 1
36 30 0 26 1
95 5 44 35 1
70 82 24 20 1
75 20 44 20 1
93 56 78 64 1
47 74 50 27 1
86 41 50 7 1
72 32 33 57 1
86 25 88 83 1
24 58 31 64 1
62 67 37 41 1
48 9 61 53 1
84 45 24 38 1
35 69 38 99 1
69 25 15 1 1
54 33 71 46 1
93 90 56 90 1
11 37 67 25 0
96 4 64 24 1
6 4 32 88 0
84 49 59 10 1
84 97 67 14 1
68 80 3 69 1
56 4 86 28 0
1 8 74 79 0
63 60 9 70 1
87 92 19 20 1
87 40 77 51 1
51 91 88 90 1
21 78 12 76 1
28 46 34 75 1
16 41 77 39 0
85 8 57 13 1
29 36 94 45 0
25 14 6 95 1
40 89 32 88 1
33 42 25 28 1
77 35 35 74 1
24 34 55 81 1
30 59 94 0 0
16 70 24 94 1
56 91 99 31 1
83 98 71 24 1
87 2 50 29 1
37 64 81 18 1
72 6 80 32 1
34 10 64 83 0
44 58 30 98 1
71 3 72 11 1
3 80 85 95 0
98 24 63 31 1
8 81 30 38 1
35 56 29 16 1
51 42 31 35 1
78 66 66 66 1
59 48 85 34 1
90 91 11 19 1
50 36 84 32 1
35 28 57 49 1
49 42 85 39 1
52 79 27 34 1
63 74 79 16 1
99 31 46 43 1
69 66 2 19 1
30 37 40 1 1
53 4 34 21 1
51 76 97 52 1
9 19 95 68 0
5 91 53 81 1
78 72 81 80 1
68 41 29 48 1
27 66 91 53 0
47 69 91 16 1
50 99 42 0 1
76 7 90 16 1
56 96 87 58 1
15 57 43 88 1
12 97 8 28 1
11 32 77 82 0
77 6 82 76 1
79 21 41 20 1
90 17 69 92 1
32 23 46 26 1
12 12 3 78 1
78 32 12 33 1
28 13 76 31 0
79 63 87 92 1
89 42 2 90 1
89 40 65 51 1
61 55 86 79 1
71 59 36 54 1
87 0 23 67 1
7 20 22 94 1
27 43 65 27 0
95 70 39 52 1
5 82 72 20 0
89 98 15 0 1
82 32 52 67 1
83 47 20 91 1
44 14 37 31 1
7 89 66 27 0
72 29 10 1 1
75 64 39 91 1
79 14 94 9 1
0 42 61 11 0
20 38 31 15 1
0 34 48 23 0
71 62 62 37 1
88 28 80 50 1
74 85 77 92 1
38 6 72 38 0
36 29 59 12 1
79 9 36 25 1
13 49 70 30 0
49 19 28 76 1
40 96 97 76 1
55 37 16 82 1
29 23 52 20 1
87 1 43 24 1
29 34 70 98 0
75 96 3 81 1
72 44 90 58 1
74 80 90 47 1
15 2 26 58 0
22 76 16 21 1
19 5 49 19 0
35 55 19 6 1
83 30 92 7 1
9 93 61 94 1
17 7 51 49 0
64 86 29 55 1
99 49 53 29 1
12 88 46 48 1
46 73 94 16 1
9 92 94 20 0
96 15 38 12 1
79 11 75 29 1
19 90 10 60 1
97 92 64 77 1
74 51 23 99 1
85 0 8 38 1
95 27 96 93 1
45 13 87 25 0
5 8 18 73 0
38 47 61 59 1
34 43 20 35 1
42 30 99 85 0
60 37 51 23 1
53 96 33 54 1
64 57 20 83 1
79 81 58 89 1
79 68 8 53 1
87 2 37 46 1
89 44 50 37 1
63 86 86 53 1
27 3 71 10 0
81 6 39 53 1
0 3 15 80 0
79 0 32 0 1
11 59 88 27 0
49 51 17 94 1
83 44 91 76 1
74 73 9 25 1
28 83 67 95 1
86 93 96 96 1
38 29 50 30 1
14 37 4 59 1
20 23 16 52 1
22 6 24 27 1
87 42 6 29 1
5 80 71 0 0
58 74 44 71 1
45 35 1 8 1
27 29 38 15 1
43 43 59 12 1
12 42 20 86 1
39 96 48 36 1
39 67 54 2 1
10 21 84 87 0
37 28 30 35 1
20 51 80 88 0
31 0 16 22 1
43 94 82 30 1
65 38 38 83 1
53 27 59 14 1
82 46 53 49 1
81 17 21 69 1
17 3 35 55 0
14 44 36 4 1
66 43 70 34 1
93 31 66 85 1
98 41 36 33 1
57 65 50 24 1
59 0 67 98 1
64 6 68 25 1
30 23 81 94 0
35 58 74 39 1
94 22 20 54 1
28 45 59 62 1
48 67 15 84 1
7 90 78 24 0
72 53 16 58 1
72 60 76 35 1
37 73 27 65 1
60 13 30 29 1
60 22 62 63 1
44 64 24 39 1
42 48 48 98 1
39 18 94 13 0
27 51 24 99 1
23 56 87 18 0
37 17 56 44 1
14 56 56 61 0
71 99 72 6 1
38 55 9 43 1
6 31 62 70 0
19 44 43 55 1
30 6 6 16 1
62 51 75 64 1
3 90 13 79 1
30 79 12 93 1
42 49 14 3 1
58 49 10 57 1
56 80 67 13 1
7 82 16 29 1
70 97 53 94 1
43 1 8 25 1
62 99 59 5 1
22 51 5 78 1
21 20 5 83 1
14 46 75 46 0
7 5 18 20 0
8 17 57 35 0
53 95 96 18 1
96 65 52 59 1
56 17 39 83 1
31 42 7 94 1
68 66 59 65 1
38 0 12 53 1
46 33 89 39 0
86 13 7 1 1
34 19 71 22 0
31 34 39 92 1
9 94 7 23 1
34 38 73 71 0
23 0 43 40 0
60 38 78 37 1
51 74 64 94 1
49 23 86 77 0
29 29 29 69 1
59 19 0 1 1
85 35 87 89 1
62 28 86 13 1
4 45 90 31 0
91 43 50 12 1
41 90 78 58 1
60 54 81 82 1
87 6 60 29 1
60 44 46 18 1
91 34 60 33 1
2 71 89 64 0
94 28 18 92 1
15 89 27 93 1
27 7 42 36 1
82 33 69 60 1
93 79 94 78 1
71 81 6 94 1
0 90 11 56 1
8 92 51 81 1
37 36 38 67 1
64 5 21 52 1
58 76 83 42 1
6 0 88 12 0
55 90 63 59 1
74 34 86 50 1
57 78 32 91 1
63 24 31 76 1
67 90 48 87 1
58 64 10 29 1
33 27 21 94 1
79 72 23 35 1
54 51 50 24 1
26 28 78 78 0
84 46 38 67 1
15 23 61 88 0
81 94 81 17 1
58 38 51 80 1
47 10 5 66 1
14 52 64 29 0
20 69 3 74 1
78 5 22 67 1
12 0 32 38 0
68 88 94 40 1
68 10 92 29 1
16 84 16 75 1
84 9 21 82 1
78 55 27 41 1
73 35 63 83 1
58 10 53 64 1
22 43 72 75 0
93 28 52 0 1
65 81 12 44 1
95 51 99 10 1
60 44 19 61 1
50 58 60 19 1
73 13 78 69 1
58 83 43 97 1
36 99 30 56 1
0 29 97 11 0
49 42 5 9 1
27 46 43 15 1
63 35 10 7 1
14 80 35 10 1
6 27 22 95 1
50 12 57 34 1
88 42 78 80 1
49 20 25 16 1
46 64 85 28 1
69 96 76 92 1
74 74 58 26 1
55 4 69 84 1
68 18 28 59 1
92 65 2 93 1
47 64 71 69 1
27 66 64 4 1
75 42 31 92 1
84 40 5 67 1
23 29 93 34 0
87 61 38 51 1
55 96 71 80 1
25 46 49 48 1
14 68 62 4 0
27 44 68 6 0
42 24 56 52 1
47 48 31 24 1
84 54 4 38 1
58 59 29 62 1
3 2 1 50 1
14 29 61 24 0
23 88 40 4 1
14 64 27 2 1
42 91 79 87 1
19 67 24 82 1
38 11 0 49 1
32 94 5 54 1
0 58 27 51 1
62 61 94 76 1
59 38 46 31 1
50 37 39 94 1
0 49 0 60 1
26 64 47 52 1
36 87 57 99 1
26 55 57 82 1
21 69 99 54 0
84 21 84 40 1
14 69 18 34 1
24 74 14 74 1
15 23 65 62 0
31 0 44 54 1
67 65 40 24 1
95 27 38 49 1
83 26 12 85 1
57 23 41 33 1
28 44 86 75 0
3 2 51 91 0
99 87 66 65 1
64 54 63 25 1
29 97 90 55 1
74 22 67 40 1
62 26 54 52 1
81 39 59 41 1
13 58 60 73 0
53 5 91 94 0
89 99 63 57 1
34 71 29 47 1
44 28 1 0 1
49 8 73 43 1
36 92 93 32 1
0 59 73 42 0
0 46 32 91 0
37 23 20 8 1
41 14 64 80 1
80 51 15 11 1
48 11 67 98 1
56 67 76 84 1
34 45 15 17 1
76 58 23 77 1
99 79 33 57 1
73 71 53 33 1
32 15 3 27 1
37 89 49 47 1
91 89 2 54 1
11 12 74 79 0
64 75 11 15 1
39 82 54 61 1
56 48 31 64 1
35 74 81 94 1
35 46 90 90 0
76 37 83 70 1
90 54 67 26 1
2 41 68 74 0
99 31 72 38 1
19 16 83 99 0
15 64 60 70 1
14 38 18 52 1
94 25 91 41 1
58 38 48 87 1
41 54 84 75 1
91 85 1 9 1
86 12 97 48 1
53 69 56 59 1
92 29 2 30 1
34 58 76 85 1
76 80 87 74 1
80 85 89 19 1
98 23 16 32 1
65 90 13 30 1
35 44 31 41 1
56 86 1 15 1
31 66 77 0 1
0 10 16 11 0
60 89 22 63 1
69 67 19 70 1
51 17 55 16 1
25 98 54 41 1
81 24 10 26 1
55 94 82 0 1
3 62 98 28 0
10 81 72 61 0
21 47 91 78 0
24 82 34 83 1
92 75 82 64 1
38 45 36 1 1
40 95 96 24 1
64 29 62 98 1
44 66 18 77 1
72 4 19 9 1
93 64 38 22 1
25 27 17 61 1
58 89 75 70 1
68 30 8 60 1
15 19 16 96 1
92 10 58 29 1
77 39 99 43 1
58 6 6 51 1
92 41 77 38 1
20 27 85 99 0
14 98 16 60 1
14 33 53 20 0
80 54 94 42 1
14 21 7 57 1
50 57 33 9 1
1 72 5 44 1
27 22 3 59 1
83 47 56 75 1
51 68 50 8 1
35 53 79 17 1
85 59 66 91 1
71 26 0 96 1
8 63 58 71 0
58 92 27 77 1
20 63 17 88 1
84 68 12 11 1
10 56 77 58 0
11 32 92 60 0
75 39 69 33 1
61 97 33 6 1
30 91 14 97 1
90 99 87 84 1
67 86 69 13 1
31 79 69 52 1
81 95 88 86 1
57 17 62 68 1
81 45 54 63 1
70 59 85 6 1
44 30 52 22 1
22 42 53 49 1
90 40 77 8 1
47 12 88 23 0
37 9 33 92 1
97 10 2 91 1
14 90 3 19 1
63 76 55 90 1
74 50 24 56 1
42 4 3 68 1
9 79 35 3 1
70 78 24 69 1
40 72 40 14 1
8 35 21 3 1
38 86 69 0 1
48 21 47 96 1
48 56 7 23 1
4 30 13 50 1
3 58 68 42 0
25 82 28 80 1
49 49 14 74 1
97 62 89 54 1
91 79 43 43 1
41 30 58 85 1
69 20 29 97 1
57 50 76 76 1
25 6 34 37 1
42 48 54 50 1
95 70 8 59 1
30 38 94 29 0
94 2 84 57 1
82 55 88 91 1
32 84 37 65 1
38 77 13 86 1
69 97 3 41 1
5 30 4 51 1
1 11 50 83 0
84 79 64 53 1
38 88 25 78 1
16 98 29 53 1
88 56 25 14 1
92 83 63 8 1
83 32 22 16 1
41 31 68 20 1
77 62 16 77 1
90 32 70 88 1
9 85 20 28 1
79 15 12 95 1
44 46 55 77 1
82 89 4 69 1
30 8 2 33 1
34 79 34 96 1
3 58 52 57 0
67 85 55 36 1
61 58 70 85 1
14 14 81 94 0
59 83 98 96 1
96 93 54 23 1
70 55 95 48 1
22 86 54 96 1
1 84 20 13 1
62 70 62 48 1
34 84 34 51 1
10 85 94 42 0
1 6 28 76 0
48 59 50 63 1
75 52 76 48 1
5 46 84 15 0
16 64 25 63 1
37 29 41 75 1
41 90 6 86 1
97 29 82 90 1
75 49 85 8 1
45 48 32 26 1
15 50 80 0 0
73 7 93 99 1
0 32 96 14 0
50 71 98 24 1
34 16 10 54 1
9 11 20 62 1
19 45 84 96 0
22 87 93 87 0
63 48 70 50 1
55 69 14 75 1
26 76 38 35 1
45 37 33 27 1
43 62 88 43 1
36 45 32 2 1
2 76 23 85 1
7 98 95 67 0
58 70 28 40 1
82 48 52 76 1
65 13 72 30 1
79 56 49 92 1
96 27 93 89 1
36 11 82 57 0
76 85 70 73 1
37 43 0 69 1
90 36 13 14 1
51 39 60 18 1
40 5 86 8 0
99 14 51 73 1
60 16 18 46 1
36 93 65 85 1
49 35 87 68 1
65 21 51 31 1
99 6 2 15 1
59 58 39 20 1
32 88 34 70 1
59 54 9 43 1
13 73 84 77 0
13 76 85 37 0
76 78 73 27 1
94 19 21 6 1
99 66 38 19 1
4 80 81 38 0
77 46 37 25 1
13 85 60 37 1
42 4 90 57 0
86 78 78 42 1
83 25 94 48 1
36 11 54 94 1
58 22 65 26 1
80 16 96 80 1
69 10 75 21 1
35 60 86 96 0
57 96 17 77 1
19 85 68 88 1
87 1 7 42 1
74 1 22 50 1
71 9 92 44 1
46 19 69 90 1
8 57 44 85 1
17 5 78 96 0
37 27 94 61 0
60 60 58 56 1
70 76 75 27 1
81 82 79 4 1
16 72 11 41 1
42 62 12 36 1
22 85 43 62 1
73 76 81 87 1
52 55 15 3 1
95 58 47 61 1
11 32 79 25 0
15 65 93 16 0
29 56 93 64 0
61 39 86 2 1
48 19 71 14 1
98 30 3 74 1
22 47 54 87 1
48 73 33 90 1
8 29 92 97 0
49 54 44 18 1
78 2 10 89 1
70 28 53 92 1
16 85 86 61 0
82 0 72 66 1
59 9 35 77 1
58 92 44 21 1
0 83 72 34 0
58 88 51 74 1
12 5 41 72 0
66 88 26 82 1
37 42 79 17 0
15 0 96 86 0
35 14 32 32 1
77 58 21 22 1
10 21 83 1 0
41 99 80 72 1
3 85 15 24 1
29 87 64 0 1
55 63 33 7 1
27 86 90 85 0
52 53 51 89 1
91 9 57 54 1
48 29 90 9 0
48 29 43 10 1
38 58 22 16 1
84 44 27 10 1
39 45 44 41 1
93 5 2 48 1
18 95 48 55 1
61 8 86 38 1
19 87 5 62 1
28 33 65 58 0
67 49 84 78 1
6 43 60 27 0
18 93 49 1 1
75 93 54 45 1
11 28 27 55 1
22 26 35 86 1
88 88 77 71 1
77 14 27 71 1
85 71 24 47 1
85 89 37 48 1
73 58 52 7 1
1 43 3 31 1
20 85 16 76 1
59 21 70 9 1
38 74 48 30 1
24 41 50 72 1
39 65 75 60 1
91 37 33 32 1
77 4 99 49 1
29 1 62 53 0
10 70 90 41 0
30 76 5 23 1
96 63 32 69 1
98 24 25 7 1
81 88 78 17 1
52 5 43 33 1
44 37 20 1 1
12 37 80 46 0
98 64 35 50 1
14 89 44 46 1
5 61 28 76 1
48 71 83 41 1
85 40 25 64 1
86 43 38 25 1
56 44 92 1 1
66 54 10 54 1
43 13 92 1 0
37 50 98 40 0
98 26 89 89 1
57 62 6 15 1
58 46 94 7 1
77 87 27 74 1
58 36 25 78 1
97 41 55 31 1
83 10 55 25 1
38 72 38 8 1
92 52 67 72 1
92 42 62 14 1
17 17 10 68 1
93 32 56 99 1
77 29 62 83 1
11 37 99 3 0
66 17 65 54 1
1 51 11 29 1
2 24 55 28 0
29 44 68 61 0
30 24 39 93 1
20 86 23 11 1
52 93 12 33 1
3 71 58 43 0
12 24 90 15 0
22 99 97 80 0
64 68 6 50 1
30 83 16 81 1
29 76 74 17 1
54 98 40 88 1
27 34 58 14 1
8 52 44 18 1
91 90 87 71 1
74 66 21 76 1
11 22 60 39 0
77 33 88 55 1
87 87 92 14 1
93 61 43 39 1
65 92 48 62 1
94 15 95 28 1
8 83 15 82 1
59 64 64 55 1
49 61 65 74 1
94 10 35 2 1
1 73 42 67 1
36 13 35 15 1
50 73 82 66 1
45 41 4 78 1
15 84 89 42 0
82 86 20 46 1
60 50 66 71 1
48 18 77 65 1
51 96 67 48 1
29 67 69 27 1
10 52 6 12 1
65 67 63 8 1
11 81 34 3 1
33 19 3 93 1
26 91 69 22 1
84 77 90 31 1
38 5 49 9 1
93 56 61 8 1
96 50 16 21 1
95 42 69 3 1
59 88 94 11 1
41 35 26 48 1
2 6 49 11 0
42 21 21 80 1
8 87 85 64 0
11 35 98 90 0
32 97 86 19 1
53 56 61 57 1
66 92 32 7 1
15 95 94 44 0
85 81 77 98 1
48 91 72 36 1
84 26 55 37 1
50 34 10 95 1
84 15 45 42 1
23 60 46 11 1
21 10 65 67 0
51 36 49 97 1
68 72 67 99 1
79 52 94 40 1
81 33 18 67 1
21 56 51 86 1
80 78 89 13 1
3 89 81 76 0
29 46 45 89 1
69 8 46 48 1
64 66 61 9 1
11 63 31 22 1
33 63 47 84 1
73 86 91 73 1
19 87 57 55 1
52 88 89 70 1
51 35 80 95 1
33 5 60 13 0
11 43 69 74 0
82 66 62 16 1
0 13 48 22 0
33 0 73 25 0
57 58 66 14 1
58 28 85 66 1
22 72 80 35 0
27 98 57 7 1
29 10 93 71 0
7 65 25 13 1
77 64 41 44 1
19 67 39 65 1
81 59 98 5 1
66 75 63 69 1
74 4 45 32 1
52 48 83 86 1
68 21 99 76 1
31 96 91 61 1
77 30 82 75 1
96 54 11 82 1
92 18 85 67 1
29 33 45 42 1
93 75 83 56 1
82 35 45 47 1
2 3 58 3 0
84 38 16 95 1
13 11 97 93 0
82 74 88 20 1
66 81 74 28 1
92 73 4 79 1
55 92 44 12 1
66 95 40 63 1
59 98 17 72 1
98 30 72 14 1
25 13 41 22 1
81 68 0 22 1
36 97 11 52 1
4 71 66 76 0
15 24 2 97 1
81 35 14 74 1
49 53 48 71 1
74 61 31 79 1
88 17 59 16 1
88 86 44 74 1
21 55 64 70 0
58 48 51 92 1
80 51 61 7 1
69 1 0 99 1
69 11 71 66 1
51 63 81 97 1
47 75 55 51 1
79 33 92 52 1
22 14 4 95 1
38 45 97 71 0
68 42 29 59 1
9 95 52 53 1
6 22 16 92 1
15 38 9 28 1
52 13 71 55 1
54 43 58 87 1
54 82 65 95 1
50 90 48 44 1
29 34 97 16 0
93 0 3 51 1
82 11 69 96 1
35 69 40 50 1
88 74 75 63 1
98 25 37 99 1
27 69 99 75 0
82 59 15 90 1
10 12 80 99 0
94 45 0 74 1
4 0 76 50 0
53 75 72 75 1
32 31 15 39 1
85 50 13 16 1
91 78 7 19 1
38 62 51 5 1
89 86 68 30 1
31 88 6 4 1
65 73 80 68 1
68 0 22 12 1
18 99 14 45 1
85 38 9 41 1
48 67 13 78 1
55 7 57 25 1
57 15 0 36 1
67 35 74 5 1
76 30 67 50 1
57 79 78 49 1
43 55 64 19 1
27 88 58 40 1
13 20 23 17 1
33 18 36 58 1
94 2 35 36 1
55 19 8 23 1
43 2 7 20 1
7 56 48 10 0
54 80 64 67 1
39 79 31 64 1
62 43 47 37 1
76 20 42 96 1
94 57 41 84 1
76 74 7 75 1
69 6 42 91 1
89 36 68 43 1
48 4 37 69 1
72 78 86 88 1
57 75 11 36 1
73 47 52 39 1
64 69 79 87 1
18 54 9 22 1
41 17 16 85 1
43 50 55 33 1
85 74 49 79 1
24 31 36 20 1
52 63 52 58 1
99 6 43 83 1
76 31 2 24 1
43 62 65 29 1
30 26 5 98 1
56 73 8 57 1
77 95 48 87 1
40 13 66 86 0
44 53 17 69 1
61 79 57 46 1
88 19 4 0 1
64 74 93 88 1
9 11 84 60 0
65 11 5 90 1
13 3 96 96 0
4 36 65 33 0
91 56 43 90 1
21 40 22 99 1
78 75 84 55 1
15 66 82 73 0
94 87 54 49 1
56 25 7 10 1
87 38 68 52 1
16 77 32 71 1
97 31 98 28 1
58 45 80 7 1
54 90 25 87 1
6 30 11 23 1
84 71 64 78 1
74 6 83 67 1
92 95 3 37 1
71 72 44 4 1
69 11 19 32 1
80 41 45 70 1
86 98 65 30 1
47 97 65 33 1
65 46 18 57 1
77 23 63 16 1
7 98 34 34 1
4 92 61 40 1
80 20 73 59 1
37 35 94 37 0
50 37 17 50 1
48 57 53 35 1
49 14 40 5 1
38 92 90 65 1
59 89 84 10 1
69 62 56 65 1
59 45 4 34 1
35 48 79 41 0
48 67 76 70 1
83 66 0 73 1
81 21 71 49 1
11 84 11 79 1
62 87 63 79 1
19 19 33 20 1
85 79 42 7 1
34 13 23 91 1
35 49 70 88 1
79 68 6 71 1
65 85 68 76 1
43 47 52 30 1
75 22 3 93 1
3 49 22 66 1
37 18 56 85 1
59 67 39 4 1
76 52 49 96 1
82 59 35 70 1
92 87 24 91 1
18 16 36 48 1
48 63 1 52 1
14 27 13 50 1
77 26 20 14 1
83 90 17 85 1
32 88 71 91 1
72 46 86 13 1
47 30 2 25 1
77 94 39 94 1
45 64 35 46 1
3 45 77 9 0
23 72 45 58 1
16 60 37 45 1
34 7 95 70 0
73 27 74 7 1
88 15 31 99 1
99 62 89 73 1
46 39 63 30 1
29 19 33 78 1
71 16 75 90 1
28 6 23 81 1
92 63 40 35 1
92 51 17 50 1
50 29 76 85 1
5 42 4 42 1
24 7 25 39 1
78 44 17 67 1
29 54 45 99 1
97 60 84 22 1
50 46 90 56 1
2 44 46 18 0
2 1 58 82 0
64 15 14 81 1
50 60 45 10 1
80 68 10 54 1
55 52 90 75 1
48 54 32 75 1
44 1 72 70 0
62 35 77 28 1
89 63 27 82 1
22 10 57 23 0
57 30 46 3 1
6 3 80 80 0
35 82 42 90 1
86 95 44 14 1
13 62 27 27 1
85 49 29 50 1
74 49 42 49 1
97 97 23 55 1
74 86 29 2 1
99 24 9 98 1
32 49 87 31 0
64 58 69 17 1
60 99 52 2 1
28 50 43 14 1
80 92 72 47 1
63 71 92 23 1
8 76 53 20 1
89 30 95 21 1
30 67 22 13 1
66 28 52 93 1
34 25 85 53 0
71 2 80 16 1
30 35 1 41 1
90 48 57 42 1
42 14 64 45 1
44 53 27 13 1
33 63 87 95 0
37 18 79 90 0
67 7 53 11 1
97 8 68 44 1
24 74 28 52 1
96 14 43 72 1
9 50 99 2 0
63 93 29 73 1
96 69 25 42 1
98 1 59 78 1
0 15 73 96 0
13 80 67 53 1
11 80 57 78 1
62 27 65 66 1
65 1 36 34 1
69 99 78 10 1
72 19 22 74 1
80 93 59 54 1
47 71 29 72 1
90 94 64 76 1
69 86 41 98 1
89 58 76 82 1
43 44 83 90 1
86 75 61 88 1
7 22 42 76 0
36 97 43 60 1
66 72 98 63 1
95 44 97 11 1
58 68 57 21 1
53 6 25 35 1
20 51 10 85 1
29 32 98 4 0
84 30 46 14 1
91 54 51 77 1
82 94 33 79 1
42 53 48 4 1
62 22 77 71 1
74 48 64 67 1
87 12 49 32 1
82 56 77 81 1
25 31 30 24 1
48 8 84 47 0
1 75 97 10 0
35 43 7 69 1
14 24 20 42 1
5 47 61 35 0
79 64 15 70 1
94 13 99 8 1
52 95 37 28 1
77 77 93 15 1
28 17 36 16 1
50 4 76 79 0
10 31 11 92 1
26 83 3 67 1
78 85 14 40 1
24 4 73 20 0
23 45 7 24 1
93 2 41 71 1
50 7 4 31 1
47 27 11 71 1
1 45 55 86 0
21 30 27 28 1
60 47 84 65 1
52 95 77 69 1
49 42 56 10 1
10 49 56 42 0
40 78 96 51 1
4 52 90 40 0
22 6 48 63 0
70 6 39 52 1
67 87 66 55 1
5 83 5 75 1
28 86 22 30 1
37 15 24 26 1
33 21 50 70 1
19 9 84 11 0
27 24 56 79 0
32 45 84 34 0
67 98 98 10 1
72 69 19 55 1
66 53 55 8 1
61 59 48 44 1
45 42 49 5 1
94 78 12 35 1
73 58 48 23 1
61 77 76 81 1
72 20 81 89 1
49 42 10 35 1
65 9 46 70 1
14 71 86 89 0
5 71 90 1 0
71 37 36 10 1
2 25 44 94 0
71 34 60 9 1
13 37 53 61 0
85 19 80 11 1
89 7 98 50 1
26 93 73 9 1
54 50 10 77 1
52 52 49 87 1
92 77 86 98 1
99 87 78 23 1
37 30 46 95 1
35 43 7 18 1
31 6 79 99 0
57 54 16 61 1
43 65 38 73 1
67 87 69 64 1
70 66 71 23 1
96 63 39 70 1
8 82 6 32 1
51 14 31 99 1
89 12 24 52 1
61 50 78 9 1
22 76 37 97 1
68 45 46 19 1
40 68 10 11 1
55 11 1 68 1
73 91 95 52 1
46 84 19 37 1
27 54 22 31 1
27 2 53 34 0
80 18 41 38 1
67 33 71 18 1
70 6 46 87 1
88 64 35 2 1
60 49 21 62 1
46 73 21 64 1
59 0 41 62 1
35 31 68 72 1
40 70 79 22 1
85 45 19 56 1
22 71 75 15 0
75 46 49 9 1
96 35 49 34 1
4 74 48 50 1
53 19 38 88 1
93 9 62 55 1
8 55 84 10 0
41 69 78 89 1
38 46 4 82 1
74 32 48 33 1
94 81 5 5 1
51 72 39 15 1
31 54 88 99 0
36 36 71 80 1
66 50 68 97 1
4 95 8 11 1
57 7 29 79 1
53 32 17 13 1
4 40 37 96 0
72 83 66 70 1
47 63 48 73 1
63 52 83 22 1
70 16 13 16 1
67 80 66 54 1
49 11 13 17 1
42 7 61 55 1
49 79 86 58 1
65 57 75 31 1
34 1 84 21 0
4 50 23 86 1
98 0 3 61 1
63 83 59 35 1
75 38 91 51 1
82 88 74 33 1
17 83 47 99 1
50 53 51 95 1
71 75 67 58 1
17 46 33 65 1
94 92 65 60 1
39 43 37 2 1
70 40 28 24 1
19 40 15 26 1
51 27 60 57 1
64 27 41 32 1
92 72 11 51 1
71 48 17 98 1
71 88 12 80 1
23 21 75 95 0
77 27 36 53 1
78 66 10 36 1
86 40 59 72 1
39 93 92 19 1
20 92 5 44 1
89 49 76 53 1
85 96 51 3 1
50 91 93 9 1
33 71 48 3 1
27 1 86 30 0
26 1 27 55 1
63 73 72 53 1
31 29 23 74 1
21 66 2 77 1
26 81 62 98 1
12 60 57 30 0
43 5 14 21 1
29 63 53 13 1
93 49 67 59 1
23 25 32 1 1
51 16 78 4 1
96 8 86 5 1
64 85 57 13 1
63 99 62 99 1
32 87 52 86 1
28 12 10 39 1
19 75 97 21 0
28 22 31 6 1
5 26 57 93 0
19 85 43 13 1
95 14 11 72 1
37 84 17 18 1
52 97 16 47 1
92 83 95 30 1
65 18 48 55 1
60 35 24 81 1
87 71 78 12 1
73 20 48 6 1
80 19 97 15 1
17 98 93 62 0
58 87 99 12 1
50 7 23 20 1
67 56 38 5 1
45 40 0 45 1
25 45 61 53 1
35 11 77 14 0
35 24 36 23 1
18 90 21 13 1
65 98 87 44 1
86 13 46 64 1
94 18 58 40 1
58 7 38 89 1
10 98 55 90 1
51 43 26 71 1
30 46 55 79 1
41 99 84 96 1
24 34 59 42 0
7 96 24 15 1
61 43 39 18 1
80 63 45 36 1
99 74 94 60 1
38 82 75 31 1
20 14 39 69 0
22 12 85 82 0
65 38 23 18 1
27 48 52 52 1
29 23 68 20 0
47 75 62 5 1
47 2 85 19 0
29 96 17 49 1
57 78 97 62 1
85 10 19 80 1
62 28 38 16 1
40 2 12 66 1
16 85 39 9 1
25 48 78 77 0
50 46 9 62 1
90 83 7 77 1
13 26 66 76 0
10 55 1 71 1
49 13 84 77 0
43 97 87 50 1
92 35 55 52 1
99 26 15 41 1
49 25 96 92 0
9 43 65 41 0
17 36 31 8 1
75 75 47 81 1
61 51 69 65 1
78 8 2 80 1
19 56 21 47 1
48 95 73 70 1
32 65 43 51 1
93 28 94 70 1
97 64 57 53 1
20 61 97 65 0
82 79 57 18 1
33 66 1 91 1
79 4 35 75 1
3 11 91 94 0
53 41 30 14 1
14 48 7 90 1
81 96 92 54 1
95 97 66 12 1
54 44 46 68 1
27 82 86 31 1
44 92 0 10 1
73 22 57 6 1
80 52 82 36 1
71 76 43 2 1
5 40 97 49 0
11 63 10 10 1
40 35 12 41 1
55 35 75 91 1
16 0 28 48 0
76 23 38 34 1
1 58 56 46 0
3 40 12 21 1
64 59 19 96 1
45 0 18 63 1
55 81 25 49 1
5 8 66 71 0
58 33 22 9 1
83 54 98 82 1
69 71 82 9 1
80 1 94 89 1
37 56 61 54 1
77 89 31 68 1
98 72 0 11 1
17 41 39 53 1
11 93 33 61 1
37 47 17 38 1
89 70 42 40 1
86 2 36 18 1
92 66 1 82 1
18 2 20 79 1
27 58 87 73 0
51 84 72 26 1
68 35 9 10 1
24 41 82 81 0
26 35 20 88 1
41 67 31 30 1
57 69 22 93 1
54 56 93 55 1
5 55 45 44 0
76 48 44 72 1
78 52 18 93 1
38 26 82 10 0
89 2 55 94 1
98 25 6 34 1
67 12 16 20 1
33 75 28 89 1
19 92 42 54 1
30 52 75 76 0
32 27 44 47 1
46 81 78 67 1
56 65 78 37 1
67 26 37 80 1
24 71 74 61 1
91 82 71 78 1
11 97 40 75 1
79 13 14 2 1
15 13 41 10 0
32 39 39 21 1
46 21 85 53 0
84 76 79 60 1
67 76 5 42 1
38 24 99 31 0
83 91 16 75 1
24 83 46 20 1
40 5 10 22 1
30 99 39 42 1
81 3 48 37 1
35 66 4 56 1
20 49 61 20 0
93 79 44 82 1
44 36 65 99 1
12 64 9 14 1
62 98 78 47 1
59 8 53 5 1
42 33 5 35 1
7 36 59 19 0
98 79 29 48 1
87 51 93 90 1
71 86 50 85 1
5 29 28 86 0
1 68 50 86 0
68 12 75 39 1
94 23 14 29 1
62 46 91 59 1
9 94 71 77 0
30 17 67 78 0
62 88 16 31 1
0 36 37 6 0
10 68 93 49 0
87 0 56 92 1
92 10 55 2 1
28 84 97 69 0
11 60 17 63 1
51 75 50 87 1
82 15 40 5 1
98 18 61 54 1
68 20 2 19 1
